题目id,得分,推荐率
0,0.416319344599,0.193678584864
1,0.624631810688,0.138001117982
2,0.390139243753,0.204023655062
3,0.407880024489,0.196896895287
4,0.50660609782,0.164851623416
5,0.364292930165,0.215381267952
6,0.497212045411,0.167444713764
7,0.170361052187,0.369875761287
8,0.402348194019,0.199065112985
9,0.368932350046,0.213250376073
10,0.239532347758,0.294522747716
11,0.180660931697,0.356301817268
12,0.286236468381,0.258908746807
13,0.720414372869,0.121889624691
14,0.299012027178,0.250619011931
15,0.408176506875,0.196782020906
16,0.404823559729,0.198089011641
17,0.311892980513,0.242781510565
18,0.45144091184,0.181343091985
19,0.315389759511,0.240737759442
20,0.185427320031,0.350351886389
21,0.354253583454,0.220141356376
22,0.426896707634,0.189790519757
23,0.378531425477,0.208972691606
24,0.431489625958,0.188150426868
25,0.335211174352,0.229773512017
26,0.425897723936,0.190151041635
27,0.4166666666666667,0.1935483870967742
28,0.0800075357993,0.555532297889
29,0.421007368833,0.191935864984
30,0.320369457946,0.237885978892
31,0.304498392545,0.247219771062
32,0.0591829316091,0.628208055909
33,0.310698498201,0.24348762033
34,0.420726873875,0.192039253238
35,0.445079754264,0.183459391433
36,0.370090688935,0.212724911073
37,0.431614530877,0.188106220188
38,0.261478533273,0.276641600525
39,0.321432121115,0.237286136936
40,0.400235515407,0.19990583819
41,0.372786595401,0.21151191885
42,0.380067601116,0.208303996703
43,0.417822666404,0.193116305036
44,0.306452076292,0.246031465536
45,0.291790585779,0.255238394259
46,0.316034188779,0.240364861103
47,0.410626163629,0.195837987011
48,0.404737296184,0.1981228666
49,0.45274122829,0.180916484752
50,0.487894191179,0.170098635946
51,0.416850307365,0.193479617938
52,0.392298338722,0.203128859341
53,0.459535621526,0.178719631339
54,0.434972566035,0.186925473097
55,0.430116101987,0.188637922193
56,0.309361509794,0.244282859056
57,0.378817389473,0.208847886895
58,0.291404059567,0.255490451761
59,0.421795357684,0.191646013188
60,0.384393060464,0.206443915411
61,0.330235621301,0.232430777576
62,0.373225097869,0.211315926502
63,0.371495382651,0.212091154398
64,0.267959271554,0.271769208526
65,0.453169914956,0.180776281024
66,0.221755606283,0.310794895403
67,0.631183683701,0.136764539785
68,0.559206773157,0.151697470463
69,0.474935723434,0.173932486579
70,0.140079137346,0.41652932073
71,0.397208395601,0.201122911207
72,0.332193587262,0.231377796773
73,0.397213337438,0.201120912233
74,0.398061885078,0.200778262694
75,0.355973952814,0.21931077287
76,0.344469086532,0.224987525635
77,0.472724967746,0.174603877309
78,0.304641727376,0.247132199263
79,0.423673149238,0.190958807312
80,0.267579041183,0.272050331483
81,0.424606298676,0.190619137156
82,0.294734593924,0.253334776174
83,0.291779277308,0.25524576156
84,0.29032838052,0.256194540266
85,0.157247832962,0.388730193947
86,0.413173798585,0.19486575557
87,0.43011265075,0.188639150299
88,0.103152873846,0.492240144611
89,0.338430016129,0.228086573275
90,0.296606646796,0.252138991638
91,0.374703561089,0.210657783503
92,0.387187577032,0.205259749457
93,0.197926934601,0.335652767126
94,0.383594393431,0.206784862187
95,0.519735098613,0.161359264989
96,0.433010292296,0.187613637945
97,0.322274118121,0.23681299826
98,0.406101688826,0.197588749866
99,0.402346942845,0.199065608787
100,0.839010515418,0.106495080042
101,0.440936758879,0.184864493601
102,0.291248863502,0.255591796753
103,0.414253659765,0.194456564579
104,0.310618671105,0.243534955999
105,0.349052695602,0.222691013726
106,0.36925197857,0.213105121697
107,0.445201654307,0.183418372285
108,0.392252539777,0.203147758355
109,0.354083625177,0.220223752753
110,0.368855991846,0.213285106172
111,0.31593733845,0.240420829668
112,0.482461551139,0.171685152101
113,0.294813013483,0.253284457667
114,0.419103831844,0.192639687603
115,0.354827642987,0.219863505532
116,0.337373011708,0.228637792738
117,0.494504674644,0.168207255998
118,0.511784023729,0.163456376959
119,0.222269367818,0.310299426461
120,0.47410710809,0.174183525323
121,0.256626816973,0.280405160915
122,0.507440574875,0.164625156988
123,0.741158334669,0.118883682035
124,0.310605842737,0.243542564649
125,0.36170329467,0.216589314295
126,0.33628133228,0.229209898754
127,0.417069328095,0.193397663653
128,0.328128228416,0.233574880988
129,0.278387497727,0.264279344854
130,0.272891168102,0.268174761309
131,0.350885985054,0.221785558467
132,0.338459113527,0.2280714368
133,0.313296461216,0.241957068071
134,0.286513075608,0.258723459336
135,0.364199296198,0.215424712659
136,0.435258972987,0.186825452812
137,0.282461582857,0.261464169167
138,0.365851121546,0.214660854884
139,0.323629695176,0.236055217891
140,0.613628328255,0.140128966355
141,0.407881778976,0.196896215103
142,0.466573405675,0.176499636231
143,0.482220902129,0.17175611462
144,0.424559394976,0.190636181446
145,0.547180927481,0.154516296377
146,0.436226122816,0.186488490107
147,0.406359872374,0.197488003011
148,0.312006423885,0.242714662206
149,0.439761041443,0.185267168843
150,0.347345091176,0.223541069239
151,0.397537134236,0.200990022893
152,0.394680146295,0.202150825637
153,0.388574528128,0.204677064077
154,0.278231276643,0.264388500305
155,0.421389235217,0.191795290822
156,0.158018012735,0.387569840338
157,0.396520285934,0.201401640241
158,0.330297835045,0.232397172041
159,0.455,0.18018018018
160,0.536176088487,0.157189183639
161,0.581405736304,0.146755441981
162,0.447002113858,0.18281465001
163,0.239519313856,0.294534054232
164,0.172676469861,0.366734981024
165,0.484702985344,0.171027004319
166,0.344256409845,0.225095232807
167,0.216369401379,0.316086194063
168,0.407350445758,0.197102418725
169,0.439121045185,0.185487101446
170,0.346548445018,0.223939868374
171,0.281062005913,0.262424483281
172,0.380834799707,0.207971636123
173,0.513131524235,0.163097143186
174,0.487827275635,0.17011799919
175,0.382952786288,0.207059577746
176,0.189675731945,0.345213592208
177,0.21165745979,0.320865093578
178,0.626894662456,0.137571515056
179,0.483491440077,0.171382119996
180,0.43406571459,0.187242875302
181,0.42385291061,0.190893279344
182,0.260690596741,0.277245930178
183,0.392504407502,0.20304386819
184,0.319250296964,0.238520999804
185,0.436471889288,0.186403056706
186,0.574695476424,0.148215014765
187,0.478087486127,0.172984197721
188,0.480636046439,0.172224925774
189,0.328546483366,0.233346915402
190,0.270511380382,0.269897242824
191,0.500435883389,0.166545675844
192,0.553634620385,0.152990672283
193,0.338460558577,0.228070685136
194,0.0927843848495,0.518714210583
195,0.388040336368,0.204901096381
196,0.361607068621,0.21663446424
197,0.41254823831,0.195103587381
198,0.412730219049,0.195034340253
199,0.397519252135,0.200997246983
200,0.350527073146,0.221962243693
201,0.461420744172,0.178119531631
202,0.36961029042,0.212942522853
203,0.361513748601,0.216678268639
204,0.377169372675,0.209569192254
205,0.280009910202,0.263151031895
206,0.633499307582,0.136332780367
207,0.374252192336,0.210858276706
208,0.381662853558,0.207614100322
209,0.29316541398,0.25434587185
210,0.405811937078,0.197701937557
211,0.331953805017,0.231506237099
212,0.301539580107,0.249041451837
213,0.313609522439,0.241773930663
214,0.417372671491,0.193284271687
215,0.356738979263,0.218943432771
216,0.396441537691,0.201433587659
217,0.295561539359,0.25280516443
218,0.23245961763,0.300788410674
219,0.397079209463,0.20117518113
220,0.464645261874,0.177102345051
221,0.475115828468,0.173878017349
222,0.321699163015,0.23713587498
223,0.321521991613,0.2372355464
224,0.401312597183,0.199476335847
225,0.235210365477,0.298320130578
226,0.285735571705,0.259244952593
227,0.376379225386,0.209916794585
228,0.394532477601,0.202211188404
229,0.153138155745,0.395041196795
230,0.310412053127,0.243657561317
231,0.527573918708,0.159343779305
232,0.308139043682,0.245014539893
233,0.402912877627,0.198841597518
234,0.247741437883,0.287569984782
235,0.453699311819,0.180603439205
236,0.556105278665,0.152414564022
237,0.45919515051,0.1788284464
238,0.36882987091,0.213296989387
239,0.435918151532,0.186595657778
240,0.396579984117,0.201377428004
241,0.342710300731,0.225881349124
242,0.274027093323,0.267360311018
243,0.460013612613,0.17856708792
244,0.273563655865,0.267691994203
245,0.353083889302,0.220709679512
246,0.360100517528,0.217343811168
247,0.244901064732,0.289938217726
248,0.356567471707,0.219025677905
249,0.371464890394,0.212104871513
250,0.302420794967,0.248496104701
251,0.509340977013,0.164111726886
252,0.435252872094,0.186827582277
253,0.358883944559,0.217920023539
254,0.355129883769,0.219717499479
255,0.374536068402,0.210732137468
256,0.285986868822,0.25907617092
257,0.324455674875,0.235595860579
258,0.318855240042,0.238745968631
259,0.281991584863,0.261785871634
260,0.370927274653,0.212347012761
261,0.262220155542,0.276075194795
262,0.351516117134,0.221476036414
263,0.128181651387,0.4382473323
264,0.402051848718,0.199182614814
265,0.251512346935,0.284485028398
266,0.6,0.14285714285714285
267,0.447666035412,0.182593028477
268,0.39554730834,0.201797080353
269,0.395709262506,0.201731150825
270,0.262801209093,0.275633039509
271,0.366724830585,0.214259009692
272,0.343374322271,0.225543056909
273,0.133539572178,0.428192957054
274,0.42299609387,0.19120601697
275,0.359408226794,0.217671330568
276,0.349803672097,0.22231921659
277,0.206576768451,0.326182575755
278,0.516132328668,0.16230279657
279,0.303147225896,0.248048339606
280,0.486996822937,0.170358673322
281,0.123321378791,0.447785162985
282,0.5875,0.145454545455
283,0.381543714231,0.207665466384
284,0.419543352401,0.192476719292
285,0.45588793841,0.179892372348
286,0.504242891854,0.165496361394
287,0.502812927985,0.165888943912
288,0.492995690626,0.168635289566
289,0.227044767912,0.305768536333
290,0.349247685304,0.222594357792
291,0.366143170503,0.214526365134
292,0.411074156428,0.195666321105
293,0.461372304986,0.178134901048
294,0.331030219194,0.232002294844
295,0.207477242712,0.325227321274
296,0.30319320315,0.248020053956
297,0.266577537862,0.272793582998
298,0.365565224966,0.214792674877
299,0.393585342982,0.202599208874
300,0.292734849548,0.254624717198
301,0.362239333253,0.216338145212
302,0.336609942124,0.229037386353
303,0.436352234575,0.186444641327
304,0.218249741129,0.314218637368
305,0.50597069998,0.165024480562
306,0.34937099483,0.222533276848
307,0.404927594346,0.198048197642
308,0.384991351879,0.206189243607
309,0.288543399018,0.257371506639
310,0.475724194226,0.173694281052
311,0.308919822685,0.244546716624
312,0.325,0.235294117647
313,0.15152125895,0.397580707163
314,0.150170787248,0.399726926952
315,0.401318743311,0.199473890283
316,0.436161931256,0.186510817293
317,0.252114134354,0.2839988238
318,0.343591876187,0.225432442225
319,0.321076451846,0.237486564641
320,0.408085229813,0.196817372622
321,0.290951020287,0.25578651752
322,0.334252015653,0.230281026674
323,0.300286662349,0.249820964339
324,0.303148322407,0.248047664946
325,0.453943973996,0.180523671516
326,0.416150448094,0.193741961029
327,0.430782534419,0.188401074857
328,0.454132567636,0.180462232037
329,0.617815387898,0.1393115858
330,0.374815587469,0.21060808162
331,0.441379373306,0.184713354314
332,0.315040628241,0.24094026752
333,0.363486337132,0.215756090285
334,0.537965711815,0.15674823607
335,0.340754179261,0.226883838442
336,0.307095053149,0.245642876833
337,0.318777344017,0.238790377342
338,0.396540468514,0.20139345399
339,0.545073262417,0.15502115159
340,0.390761333079,0.203765034569
341,0.393638393039,0.202577436055
342,0.0686676021972,0.592882087
343,0.403097322527,0.198768698465
344,0.341562713183,0.226468397386
345,0.387260562447,0.205229004165
346,0.490140201216,0.16945125886
347,0.321860024195,0.237045451725
348,0.277093423366,0.265186274286
349,0.400599630232,0.199760435208
350,0.190980828769,0.343665252529
351,0.214977261881,0.31748323483
352,0.382481307081,0.20726191571
353,0.295036319363,0.25314128119
354,0.313013384216,0.242122904055
355,0.430366480526,0.188548868889
356,0.186697065033,0.348800222243
357,0.334341646829,0.230233505652
358,0.341249135512,0.226629339192
359,0.363397401409,0.215797498423
360,0.411021325498,0.195686549681
361,0.40077103262,0.199692061813
362,0.470826492645,0.175184581109
363,0.569227600338,0.149425994907
364,0.475356407318,0.1738053122
365,0.467308491526,0.176270938112
366,0.380596349337,0.208074822328
367,0.355977864175,0.21930889163
368,0.209485025136,0.323117410789
369,0.410710836047,0.195805518391
370,0.408920244409,0.196494443085
371,0.421447217675,0.191773964095
372,0.392528867018,0.203033784813
373,0.392179771075,0.203177793719
374,0.402062703503,0.199178308411
375,0.401500987142,0.199401402119
376,0.384572525625,0.206367457319
377,0.310566687052,0.243565791268
378,0.429364519835,0.188905746897
379,0.401483432664,0.199408382185
380,0.124139487048,0.44615074888
381,0.462813314264,0.177678810123
382,0.307435456466,0.24543764764
383,0.409738047528,0.196179195344
384,0.332217819455,0.231364824629
385,0.306429216592,0.246045303629
386,0.329120222345,0.233034927726
387,0.327349949794,0.234000261491
388,0.319111082505,0.238600228375
389,0.345719453391,0.224356373138
390,0.0586818541841,0.630191779105
391,0.422524432387,0.19137861084
392,0.441957784912,0.184516216547
393,0.289315871218,0.256860835617
394,0.28044235256,0.262851912588
395,0.493442368922,0.168508359424
396,0.308624470474,0.244723474059
397,0.383830084192,0.20668412996
398,0.249292600839,0.286292923926
399,0.308631184148,0.244719453334
400,0.201685130874,0.331471424231
401,0.426237962044,0.190028099857
402,0.546244622132,0.154740165837
403,0.365103049819,0.215006115395
404,0.510112361892,0.163904235098
405,0.154318763812,0.393207321793
406,0.283436337437,0.260799486737
407,0.366999287324,0.214133089096
408,0.292466052162,0.254799107971
409,0.384606463361,0.206353005089
410,0.365196497649,0.214962925356
411,0.25469611615,0.281931477247
412,0.4925,0.168776371308
413,0.376870912368,0.209700355812
414,0.43121031348,0.188249357105
415,0.286493249898,0.258736730916
416,0.481992486433,0.171823524068
417,0.432121407838,0.187927037941
418,0.34636114361,0.224033837693
419,0.490878002932,0.169239673002
420,0.373408776333,0.211233937771
421,0.405903011913,0.197666346405
422,0.452476420735,0.18100319986
423,0.418844839807,0.192735847652
424,0.459315257972,0.178790044746
425,0.438006618397,0.185871319386
426,0.335540151211,0.229599957024
427,0.343630764861,0.225412680816
428,0.273650803254,0.267629559817
429,0.359559206227,0.217599818794
430,0.372505456002,0.211637767839
431,0.281728618003,0.261966211816
432,0.337799018889,0.228415313159
433,0.262790547086,0.275641140055
434,0.366868383379,0.214193129284
435,0.375932083705,0.210114012952
436,0.535125229768,0.15744926404
437,0.477661540703,0.173111749621
438,0.379157745035,0.208699537963
439,0.517290844218,0.161998190864
440,0.348374256997,0.223027969245
441,0.311029015727,0.243291826547
442,0.508734936567,0.164275112193
443,0.407611424389,0.197001082315
444,0.32463992397,0.235493636739
445,0.33741887671,0.228613819212
446,0.391856773023,0.203311218804
447,0.402760238273,0.19890196636
448,0.513608651809,0.162970322705
449,0.501548710862,0.166237576765
450,0.359961001055,0.217409736414
451,0.378600470606,0.208942544234
452,0.329497623516,0.232830159062
453,0.435338500737,0.186797698769
454,0.582115710814,0.146602692791
455,0.362835266821,0.216059594349
456,0.372717768416,0.211542714662
457,0.478647043763,0.172816920224
458,0.465158911221,0.176941384122
459,0.271354741805,0.269284295426
460,0.261377917453,0.27671862383
461,0.384152544143,0.206546472201
462,0.37928033857,0.208646155397
463,0.32736050874,0.233994479965
464,0.651929140465,0.132991254918
465,0.261351436796,0.276738902401
466,0.359992358925,0.217394915502
467,0.376953540436,0.209664027043
468,0.261949076858,0.276281958965
469,0.354578895374,0.21998381583
470,0.390025761098,0.204070903897
471,0.408744868965,0.196562179002
472,0.256808312156,0.280262529188
473,0.374928860064,0.210557850678
474,0.228490904511,0.304422431875
475,0.24613825543,0.288901900993
476,0.281896594226,0.261850986659
477,0.236811740939,0.296901763938
478,0.546060381335,0.15478429399
479,0.409188633537,0.196390872486
480,0.447144063392,0.182767221086
481,0.438928838494,0.185553254637
482,0.598936309657,0.143074552886
483,0.446103325419,0.18311553024
484,0.407995191217,0.196852257126
485,0.344633683487,0.224904238509
486,0.174413009811,0.364414209329
487,0.195075795909,0.338895976514
488,0.435682672077,0.186677682913
489,0.406474507194,0.197443303818
490,0.276760657806,0.265420494226
491,0.384704368763,0.206311323859
492,0.261748672884,0.276435015512
493,0.399280623099,0.200288165359
494,0.336639014644,0.22902213647
495,0.254015241995,0.282473713382
496,0.486179004214,0.170596352447
497,0.401585562065,0.199367780022
498,0.427258877206,0.189660154287
499,0.447765918108,0.182559733445
500,0.270612236262,0.269823794834
501,0.0427895160073,0.700331528506
502,0.380560760738,0.2080902316
503,0.330039369121,0.232536849369
504,0.349077717202,0.222678605884
505,0.407013385416,0.197233451574
506,0.445199404218,0.18341912927
507,0.67329519797,0.129316721819
508,0.193224605562,0.341035500101
509,0.377988638866,0.209209993437
510,0.191775667271,0.342729059401
511,0.383390221318,0.206872203015
512,0.388882350507,0.204548190165
513,0.342837209867,0.225816615614
514,0.512609658736,0.163236081204
515,0.375288234886,0.210398643728
516,0.545777617648,0.15485206868
517,0.473263628358,0.174439812772
518,0.321867419521,0.237041296324
519,0.472005611486,0.174823459756
520,0.442569287292,0.184308257659
521,0.391284425291,0.203548076943
522,0.360619621135,0.217098871632
523,0.398723111061,0.200512063272
524,0.374819879545,0.210606177854
525,0.506164266898,0.164971783163
526,0.4375,0.186046511628
527,0.373370900671,0.211250839159
528,0.362172202287,0.21636956854
529,0.494950242615,0.168081282832
530,0.417243158699,0.19333266824
531,0.513752967644,0.162932002405
532,0.31370693081,0.241717004364
533,0.503112683551,0.165806494752
534,0.4,0.2
535,0.438222111932,0.18579690017
536,0.406986155303,0.197244044939
537,0.462796142049,0.177684231516
538,0.305630487971,0.246529792423
539,0.253094344321,0.283210426925
540,0.476562184205,0.173441829415
541,0.216735312873,0.31572103247
542,0.18,0.35714285714285715
543,0.34302291827,0.225721956757
544,0.313226052065,0.241998294881
545,0.4571428571428572,0.17948717948717946
546,0.168951250472,0.371814593999
547,0.362500488262,0.216215987957
548,0.289477333361,0.256754351112
549,0.472265446984,0.174744081662
550,0.517912713175,0.161835155464
551,0.413585267057,0.194709635214
552,0.538675676386,0.156573991616
553,0.342258946769,0.226111875702
554,0.411633981362,0.195452224916
555,0.277984399569,0.26456118325
556,0.383181192053,0.206961698105
557,0.264411018377,0.274415412699
558,0.41501647328,0.194168546422
559,0.400284835895,0.19988613051
560,0.332119757868,0.231417328598
561,0.283350308963,0.260858013316
562,0.510751913941,0.163732601925
563,0.508779706518,0.164263031322
564,0.452626095581,0.180954176431
565,0.332262907523,0.231340691648
566,0.354019619728,0.220254798812
567,0.217947408064,0.31451742478
568,0.27942430689,0.263557179085
569,0.425,0.190476190476
570,0.393468576409,0.202647148736
571,0.418985107477,0.192683756353
572,0.328542333452,0.233349175085
573,0.296259380245,0.252359956597
574,0.487208725024,0.170297197127
575,0.379218804399,0.208672946642
576,0.0,1.0
577,0.373883174727,0.211022474173
578,0.373679366609,0.211113269966
579,0.359138539519,0.217799185633
580,0.361511774403,0.216679195519
581,0.396831958348,0.201275297049
582,0.395487277264,0.201821529207
583,0.364138118832,0.215453107475
584,0.401301748179,0.199480652847
585,0.249583072241,0.28605504082
586,0.469259223605,0.175666894542
587,0.36234726639,0.216287641929
588,0.444969929165,0.183496363099
589,0.44871460412,0.182244101486
590,0.420719468696,0.192041984239
591,0.415614923156,0.193943184165
592,0.309821895768,0.244008436427
593,0.384840042274,0.206253591455
594,0.557584159912,0.152071789584
595,0.306516160548,0.2459926805
596,0.444867480537,0.183530864976
597,0.360909461855,0.216962350041
598,0.467618976239,0.176174518799
599,0.358215028394,0.218238149784
600,0.394610463467,0.202179305506
601,0.0934554767461,0.516914804802
602,0.332049796841,0.231454801579
603,0.317679972872,0.239417751616
604,0.406357261119,0.197489021445
605,0.28415114411,0.260314205836
606,0.465756636659,0.176754444438
607,0.332082855779,0.231437092823
608,0.265368813415,0.273696047195
609,0.353096094385,0.220703734239
610,0.438062023168,0.185852180035
611,0.34942708036,0.222505506166
612,0.322210464546,0.236848700819
613,0.268004993812,0.271735442946
614,0.324512541209,0.235564300916
615,0.360645970635,0.217086453317
616,0.542151080948,0.155726592957
617,0.271108442812,0.26946301529
618,0.235232372002,0.298300547178
619,0.513202490909,0.163078267754
620,0.26364989005,0.27498977103
621,0.41894134598,0.192700005067
622,0.411083837501,0.195662614746
623,0.347258205841,0.223584494804
624,0.344587101768,0.224927802904
625,0.480186462828,0.172358382015
626,0.472133521612,0.174784375015
627,0.556251760881,0.152380543506
628,0.254822862067,0.281830768788
629,0.307196739737,0.245581534038
630,0.387814305136,0.204996038343
631,0.415664106604,0.193924686088
632,0.200795599827,0.332451671691
633,0.442764079913,0.184242111262
634,0.356286503997,0.219160547428
635,0.329192364341,0.2329957574
636,0.326853605081,0.234272356634
637,0.489399770251,0.169664131286
638,0.470800279822,0.175192626099
639,0.075,0.571428571429
640,0.258267373001,0.279121146763
641,0.487038565568,0.170346559605
642,0.391726535256,0.203365067431
643,0.400277176454,0.199889190846
644,0.391257669492,0.203559162961
645,0.344108156426,0.225170374723
646,0.341845098133,0.226323660537
647,0.440806224959,0.18490911418
648,0.553742428642,0.152965442686
649,0.413239625865,0.194840762405
650,0.362233790098,0.216340739561
651,0.43302599528,0.187608110834
652,0.382644784987,0.207191713473
653,0.43333333333333335,0.18749999999999997
654,0.399445059738,0.200222222746
655,0.412108311692,0.195271191107
656,0.528316644125,0.159155420973
657,0.461340761882,0.178144910882
658,0.381638288936,0.207624689102
659,0.413789834158,0.194632110937
660,0.327446630829,0.233947334679
661,0.360989344868,0.216924753496
662,0.412740607681,0.195030388664
663,0.320693024778,0.237703014099
664,0.309608917387,0.244135309939
665,0.330068988347,0.232520834354
666,0.438808245967,0.185594783949
667,0.320731976009,0.23768100763
668,0.415647519839,0.193930924037
669,0.354988336398,0.219785853835
670,0.287000569414,0.258397552622
671,0.19911222028,0.334322682993
672,0.386868075392,0.205394448834
673,0.357694915745,0.218486149966
674,0.6,0.14285714285714285
675,0.463422271305,0.177486771633
676,0.369637823217,0.212930038971
677,0.520613883008,0.161130781534
678,0.399406198477,0.200237803025
679,0.502324496858,0.166023464962
680,0.358115142286,0.218285733803
681,0.353004732239,0.220748245842
682,0.349283246407,0.222576739283
683,0.357963400507,0.218358060686
684,0.0878552102006,0.532324868143
685,0.284091194704,0.260354835984
686,0.286662542486,0.258623448129
687,0.409573058305,0.196242714112
688,0.351560054976,0.221454486282
689,0.282073600243,0.261729677048
690,0.199113052802,0.334321752472
691,0.412069382642,0.195286036209
692,0.358408926808,0.218145839123
693,0.234767065357,0.298715167495
694,0.340991465663,0.226761757962
695,0.4428970241,0.184196994201
696,0.327655913627,0.233832847422
697,0.292720540582,0.254633994575
698,0.437734980973,0.18596521249
699,0.281842347858,0.261888186475
700,0.534689460098,0.157557366692
701,0.41111111111111115,0.19565217391304346
702,0.409202286796,0.19638560665
703,0.402038291904,0.199187993451
704,0.410044429333,0.196061351226
705,0.353413398272,0.220549283239
706,0.280260413632,0.26297767639
707,0.304876763925,0.246988735611
708,0.375264169022,0.210409297645
709,0.487991463843,0.170070496171
710,0.317293286173,0.239639609151
711,0.372993067482,0.211419589154
712,0.39381360791,0.202505557559
713,0.398963465943,0.200415474931
714,0.497112773905,0.16747255187
715,0.392159892236,0.203186000277
716,0.327012620656,0.234185115761
717,0.358985113884,0.21787198969
718,0.458774303711,0.178963132943
719,0.112229170305,0.471188761923
720,0.397396748531,0.201046750497
721,0.410602845605,0.195846930468
722,0.391078141318,0.203633580048
723,0.340049036286,0.227247401435
724,0.330922109445,0.232060499585
725,0.41899507574,0.192680055504
726,0.631704144725,0.136667259193
727,0.401320798523,0.199473072521
728,0.399778878291,0.200088487817
729,0.388188487162,0.204838914947
730,0.350611691343,0.221920562474
731,0.390589286766,0.203836493575
732,0.397031622465,0.201194442124
733,0.131593394712,0.431791243979
734,0.337103388087,0.228778826075
735,0.268801045395,0.271148906026
736,0.341422784548,0.226540186643
737,0.305531787808,0.246589793961
738,0.399762258541,0.200095141822
739,0.264002885539,0.274723096912
740,0.328970118493,0.233116470563
741,0.188206215442,0.34697378003
742,0.233948150592,0.299447683189
743,0.407811094873,0.196923621814
744,0.413530795044,0.194730288748
745,0.440087005436,0.185155352737
746,0.394797926662,0.202102706199
747,0.261110638654,0.276923439234
748,0.414036574805,0.194538686353
749,0.423218994191,0.191124559907
750,0.347683091167,0.223372296102
751,0.319709904339,0.238259805085
752,0.354055377179,0.220237453461
753,0.369555372373,0.21296742809
754,0.513187113841,0.163082357314
755,0.330297823833,0.232397178097
756,0.518164709461,0.161769182986
757,0.352574867261,0.220957917096
758,0.467919471687,0.17608130199
759,0.16155558788,0.382327905171
760,0.538779352707,0.156548579061
761,0.436414462223,0.186423012507
762,0.568604130145,0.149565333942
763,0.29967123042,0.250205650016
764,0.362962533412,0.216000200411
765,0.445697009744,0.183251874601
766,0.194535531247,0.339517611259
767,0.299915513205,0.250052815402
768,0.467911379507,0.176083810976
769,0.146271994905,0.406055101956
770,0.2440355222,0.290667659434
771,0.45408092157,0.180479052981
772,0.327810680359,0.23374825499
773,0.48256065343,0.171655945885
774,0.331189167377,0.231916772419
775,0.334138946514,0.230341002122
776,0.375177276021,0.210447774012
777,0.388351118336,0.204770699288
778,0.423428795306,0.191047953221
779,0.415794656753,0.193875602802
780,0.2,0.3333333333333333
781,0.225308063704,0.307400925945
782,0.229242880272,0.303727144889
783,0.303768092254,0.247666920488
784,0.412801217564,0.195007337297
785,0.26495487765,0.274006476209
786,0.382848546143,0.207104278969
787,0.342186902406,0.226148715523
788,0.380360578553,0.208176949702
789,0.1955735846,0.338325226645
790,0.377001939717,0.209642753359
791,0.415417324613,0.194017537294
792,0.848772005422,0.105399399886
793,0.382398651091,0.207297428742
794,0.164522866431,0.378039151583
795,0.559545968737,0.151619454504
796,0.200414785843,0.332873096507
797,0.282637624812,0.261343876074
798,0.28578785558,0.259209818437
799,0.443638804396,0.183945662435
800,0.350235818082,0.222105829843
801,0.31058220046,0.243556588396
802,0.428927161235,0.189061949034
803,0.0490290337845,0.671010188153
804,0.381555198669,0.207660513844
805,0.447122738802,0.182774344599
806,0.365947559234,0.214616426287
807,0.409557017063,0.196248891981
808,0.291937686442,0.25514259909
809,0.152888074549,0.395431853314
810,0.35956873125,0.217595308819
811,0.339902786682,0.22732295186
812,0.34175363648,0.22637051909
813,0.447413220324,0.182677356496
814,0.345867138287,0.224282059414
815,0.461326225978,0.178149524059
816,0.231426216817,0.301726281525
817,0.382424101586,0.207286492676
818,0.314147947322,0.241459605551
819,0.514003999594,0.162865388607
820,0.225895310424,0.306847005163
821,0.427598694276,0.189537997506
822,0.403642864864,0.198553393637
823,0.449228384904,0.182073619552
824,0.373366079122,0.211252990889
825,0.453657528581,0.180617068924
826,0.421477438844,0.191762850224
827,0.130023754734,0.434737708354
828,0.354137727799,0.220197516918
829,0.339743040997,0.227405531588
830,0.437213404167,0.186145764838
831,0.26545709664,0.273629930625
832,0.339975104659,0.227285587164
833,0.297636596632,0.251485906597
834,0.306544458331,0.245975558025
835,0.528843273412,0.15902213513
836,0.372805405578,0.211503504021
837,0.435161311702,0.186859546483
838,0.40259396044,0.198967770947
839,0.37449801731,0.210749036565
840,0.360038435053,0.217373141852
841,0.114961976754,0.465198550506
842,0.530895741036,0.158504794843
843,0.124060054772,0.446308915267
844,0.377470835715,0.209436875553
845,0.331120340658,0.231953797048
846,0.424477588907,0.190665916171
847,0.351405887939,0.22153011884
848,0.415976654027,0.193807218252
849,0.335497286832,0.229622555694
850,0.234865486479,0.2986273714
851,0.277239913052,0.265083297234
852,0.437653122714,0.185993525891
853,0.289014059153,0.25706011813
854,0.373693590894,0.211106930561
855,0.350595596104,0.221928489458
856,0.211447543973,0.321081356829
857,0.436788209662,0.186293212481
858,0.381308616718,0.207766901582
859,0.310013954294,0.243894138121
860,0.322021541117,0.236954729219
861,0.433680303734,0.187378097524
862,0.276391009421,0.265681160009
863,0.374499521789,0.21074836835
864,0.365258586917,0.214934238318
865,0.415554850144,0.193965782636
866,0.384401763936,0.206440206137
867,0.469842142514,0.175487196434
868,0.186806550964,0.348667070762
869,0.17192375339,0.367750145963
870,0.25,0.2857142857142857
871,0.367452778381,0.213925351661
872,0.319380460566,0.238446969763
873,0.390966759696,0.203679776737
874,0.380464576715,0.208131889106
875,0.545939740554,0.154813202721
876,0.386891562611,0.205384540787
877,0.330289969671,0.232401420085
878,0.406183540178,0.19755679919
879,0.648396974304,0.133618926096
880,0.427363224404,0.18962262701
881,0.382654240291,0.207187654541
882,0.27536211468,0.26640941131
883,0.356048453365,0.219274946033
884,0.461418591153,0.178120214713
885,0.464136356025,0.177262108588
886,0.3756222195,0.21025090061
887,0.429490694575,0.188860731689
888,0.374210992157,0.210876596397
889,0.374074065857,0.210937503656
890,0.4425,0.184331797235
891,0.351899750497,0.22128801773
892,0.473032842042,0.174510067597
893,0.333831772632,0.230504094694
894,0.304743621754,0.247069983627
895,0.545,0.15503875969
896,0.382625937893,0.207199804546
897,0.323617969839,0.236061751672
898,0.216367810118,0.316087783908
899,0.617385398131,0.139395087021
900,0.259656191496,0.278043315713
901,0.498212800801,0.167164594048
902,0.338411810618,0.22809604481
903,0.363451178841,0.215772457954
904,0.444782384777,0.18355953275
905,0.455763253734,0.179932730939
906,0.376281613816,0.209959815998
907,0.417243683661,0.193332472022
908,0.524101868465,0.160230252548
909,0.47393493051,0.1742357795
910,0.38938855097,0.204336615153
911,0.49615279323,0.167742231749
912,0.324697150436,0.235461904789
913,0.387542837655,0.205110181663
914,0.384555966744,0.206374509578
915,0.422695257946,0.191316065106
916,0.355635588948,0.219473637323
917,0.318973395277,0.238678639568
918,0.284470991834,0.260097646178
919,0.324094286719,0.235796621486
920,0.262505672128,0.27585775255
921,0.453986493396,0.180509816019
922,0.455349312648,0.180066847518
923,0.207122268341,0.32560322161
924,0.377035828217,0.209627860393
925,0.350078045943,0.222183687699
926,0.327699047213,0.233809265304
927,0.356527499347,0.219044855224
928,0.249928078435,0.285773009263
929,0.400501816437,0.199799474679
930,0.570861471319,0.149062070599
931,0.260653076305,0.277274773377
932,0.372094838312,0.211821845707
933,0.488084734597,0.170043522841
934,0.280401277531,0.262880294854
935,0.363273170759,0.215855366362
936,0.329538644973,0.232807923502
937,0.399624937489,0.200150137626
938,0.29309498422,0.254391442309
939,0.359363085638,0.217692720914
940,0.574927328799,0.148164099649
941,0.435790079715,0.186640260404
942,0.262390153555,0.275945687318
943,0.340652258735,0.226936315468
944,0.397793089171,0.20088667797
945,0.350843455988,0.221806479992
946,0.479059034034,0.172693964039
947,0.506222997963,0.164955800648
948,0.480040904183,0.172401634572
949,0.40458040965,0.198184467902
950,0.29798458372,0.251266014038
951,0.341270998341,0.226618110812
952,0.349227314984,0.222604451387
953,0.368927017252,0.213252801227
954,0.377428882422,0.209455279481
955,0.56425717144,0.150544102946
956,0.341697564462,0.226399256065
957,0.300229951641,0.249856362799
958,0.418580526911,0.192834082289
959,0.273001957722,0.268095107626
960,0.2733446224,0.267849043484
961,0.327683002495,0.233818036762
962,0.43877110104,0.185607579558
963,0.38924812723,0.204395263741
964,0.400317762076,0.199872975897
965,0.409239517703,0.196371248742
966,0.425702680519,0.190221590465
967,0.411760523755,0.195403895686
968,0.291459907123,0.255454002263
969,0.357935963236,0.218371143627
970,0.422381572602,0.191430948649
971,0.214610202969,0.317853645738
972,0.37602783114,0.210071750974
973,0.421513239337,0.191749686215
974,0.452009616505,0.181156264329
975,0.187211316226,0.348175696257
976,0.368321508212,0.213528523133
977,0.38893893742,0.204524516962
978,0.191055280564,0.343577343129
979,0.555879847799,0.15246695006
980,0.386333301701,0.205620301242
981,0.198507739996,0.33499968879
982,0.233634132915,0.299729524453
983,0.476040003284,0.173599054631
984,0.358897829492,0.217913429904
985,0.461518218521,0.178088611734
986,0.380850281147,0.207964940275
987,0.413981573481,0.194559503997
988,0.462228044416,0.177863770748
989,0.360118929672,0.217335113926
990,0.239705647999,0.294372497452
991,0.371825280655,0.211942861267
992,0.302274727148,0.248586334789
993,0.229088907876,0.303869251155
994,0.351224879698,0.221618985343
995,0.347111641048,0.2236577866
996,0.352211075035,0.22113567208
997,0.442686806309,0.184268345642
998,0.328387676784,0.233433418885
999,0.300147398658,0.249907909774
1000,0.449335382979,0.18203815574
1001,0.381472662965,0.207696111726
1002,0.274801359552,0.26680799696
1003,0.234045206586,0.299360679418
1004,0.287999129805,0.257732536798
1005,0.314175471437,0.241443559304
1006,0.413133431466,0.194881085246
1007,0.469966238873,0.175448988343
1008,0.328088990118,0.233596290277
1009,0.325942022902,0.234773735915
1010,0.129344402177,0.436025466726
1011,0.368016683014,0.213667596967
1012,0.323722959795,0.236003260358
1013,0.552031864948,0.153366737695
1014,0.400647849507,0.19974119553
1015,0.542832091902,0.155561617504
1016,0.330206977065,0.232446253388
1017,0.395725529136,0.201724531263
1018,0.261564374566,0.276575921287
1019,0.301174500059,0.249268086544
1020,0.430461683505,0.188515029661
1021,0.393512471418,0.202629124473
1022,0.215613381892,0.316843346123
1023,0.384863239284,0.206243723792
1024,0.388849540162,0.204561918923
1025,0.309316420508,0.244309768652
1026,0.364954283046,0.215074908752
1027,0.253182689935,0.283139584271
1028,0.0644335610529,0.608148357061
1029,0.266114353274,0.273138704085
1030,0.287331363048,0.258176872673
1031,0.460800215307,0.178316621982
1032,0.483885706478,0.171266394931
1033,0.426319669173,0.189998599439
1034,0.454286744251,0.180412035895
1035,0.253696091045,0.282728598172
1036,0.481192915633,0.172059908698
1037,0.150582086664,0.399070824779
1038,0.282339523815,0.261547639653
1039,0.549174727076,0.154041733033
1040,0.546986743559,0.154562672258
1041,0.0979480146782,0.505183141961
1042,0.341584108505,0.226457424699
1043,0.521694733886,0.160850646707
1044,0.623344244953,0.138246762448
1045,0.165252543542,0.376999212391
1046,0.47155774171,0.174960450541
1047,0.221282443836,0.311252612517
1048,0.382808920817,0.207121276531
1049,0.219268054763,0.313216428979
1050,0.377826218846,0.209281106929
1051,0.487630435945,0.170174983941
1052,0.381042391601,0.207881886807
1053,0.342018629925,0.226234808286
1054,0.423825564887,0.190903244712
1055,0.590902746297,0.144738171235
1056,0.285945977432,0.259103620318
1057,0.3225,0.236686390533
1058,0.407627569865,0.196994816547
1059,0.28856681396,0.257355997495
1060,0.344875162107,0.224782160295
1061,0.385431654852,0.206002222971
1062,0.348671719101,0.222880105304
1063,0.349780921484,0.222330461839
1064,0.248463097172,0.286974433768
1065,0.0792396331758,0.557912322337
1066,0.204457895433,0.328452641564
1067,0.370484241853,0.212546969918
1068,0.373605061261,0.211146392173
1069,0.562607319474,0.150918948615
1070,0.433765679654,0.187348126363
1071,0.372451468272,0.211661952
1072,0.407376295251,0.197092376873
1073,0.137121161547,0.421725329564
1074,0.254220740173,0.282309838637
1075,0.444276617535,0.183730104837
1076,0.460920041943,0.178278529064
1077,0.448849718356,0.18219923716
1078,0.459135288865,0.178847591972
1079,0.397711392513,0.200919652442
1080,0.535371934368,0.157388129048
1081,0.466176614317,0.176623331786
1082,0.174454917288,0.364358565655
1083,0.441954848813,0.184517216183
1084,0.433763907315,0.187348748444
1085,0.43055710115,0.188481126316
1086,0.370581327225,0.212503119471
1087,0.373707633101,0.211100672677
1088,0.294996875772,0.253166559368
1089,0.451231698467,0.181411918578
1090,0.431459953177,0.188160931792
1091,0.272921671149,0.268152826013
1092,0.36448116164,0.215293984468
1093,0.377660517491,0.209353706949
1094,0.399161912153,0.200335797995
1095,0.469875939914,0.175476788887
1096,0.310224313956,0.243769071208
1097,0.395266762873,0.201911388965
1098,0.524398742915,0.160154070031
1099,0.232070544841,0.30114083153
1100,0.21196712507,0.320546595984
1101,0.373581801339,0.211156762606
1102,0.334000636274,0.230414408741
1103,0.574179941984,0.148328352377
1104,0.420922887621,0.191966992383
1105,0.303742038395,0.247682902671
1106,0.260297121806,0.277548706187
1107,0.166229610646,0.375615619003
1108,0.234686533512,0.298787043956
1109,0.26065543525,0.277272959801
1110,0.239615504587,0.29445063211
1111,0.580984934075,0.146846126832
1112,0.125774941653,0.442918949588
1113,0.395224127368,0.201928772194
1114,0.346896570166,0.223765422865
1115,0.322700731088,0.236573993479
1116,0.432190652145,0.187902586408
1117,0.49921913205,0.166883857092
1118,0.31600473494,0.240381879342
1119,0.423889593518,0.190879912938
1120,0.317490491696,0.239526413149
1121,0.278851044226,0.263955983556
1122,0.274328029296,0.2671453703
1123,0.341158258947,0.226676023789
1124,0.386830253988,0.205410405744
1125,0.221512581016,0.311029819375
1126,0.306906457982,0.245756728699
1127,0.322063035225,0.236931433587
1128,0.38153367712,0.207669794973
1129,0.399339688909,0.200264473706
1130,0.407692423636,0.196969651987
1131,0.426388713244,0.189973678166
1132,0.421754959474,0.19166085187
1133,0.26071361041,0.27722824178
1134,0.418973167543,0.192688189398
1135,0.175529505008,0.362937537296
1136,0.375877764519,0.210137996469
1137,0.431126147025,0.188279188589
1138,0.34410020806,0.225174404752
1139,0.432791792245,0.187690579051
1140,0.318152899733,0.239146972468
1141,0.355667445613,0.219458293461
1142,0.3030110431,0.248132158441
1143,0.37274018,0.211532685883
1144,0.445600198004,0.183284390962
1145,0.357160014048,0.218741790461
1146,0.215856270153,0.316599698818
1147,0.42664653562,0.189880675627
1148,0.412243938826,0.195219489037
1149,0.242920666386,0.291612637564
1150,0.324366741703,0.235645233645
1151,0.291894356619,0.255170808946
1152,0.426031222691,0.190102784182
1153,0.392249835489,0.203148874394
1154,0.362622581729,0.216158925114
1155,0.340939824779,0.226788315277
1156,0.367367171114,0.213964536195
1157,0.359804049147,0.217483948185
1158,0.238243635305,0.295644883043
1159,0.277050530279,0.265216441749
1160,0.538503626874,0.156616181633
1161,0.327205638241,0.234079307595
1162,0.307835633507,0.245196818974
1163,0.296542871797,0.252179542521
1164,0.334071752188,0.230376658918
1165,0.330453201183,0.232313291492
1166,0.212604587658,0.31989293807
1167,0.254168819235,0.282351225091
1168,0.503553983958,0.165685262061
1169,0.351519683249,0.22147428719
1170,0.343655838803,0.225399941247
1171,0.364040331804,0.21549850982
1172,0.683631756627,0.127610959043
1173,0.499014105868,0.166940976882
1174,0.256769395629,0.28029310032
1175,0.332173029261,0.231388803163
1176,0.365545269991,0.214801881677
1177,0.330960047507,0.23204007095
1178,0.352312617196,0.22108602811
1179,0.325796711925,0.23485385678
1180,0.387274568211,0.205223105255
1181,0.46572426286,0.176764559283
1182,0.227548565993,0.305298237826
1183,0.321223031782,0.237403922518
1184,0.267023996482,0.272461748982
1185,0.191087304548,0.343539544452
1186,0.33873332632,0.227928889831
1187,0.304304091181,0.247338580493
1188,0.343716494238,0.225369129385
1189,0.348800734027,0.222816034864
1190,0.18700785283,0.348422522289
1191,0.230155168777,0.302887882599
1192,0.280982126417,0.262479505116
1193,0.368473868092,0.213459078107
1194,0.265480142148,0.273612676772
1195,0.327341326388,0.234004983429
1196,0.444511528494,0.183650840739
1197,0.178083299629,0.359604478707
1198,0.486470498806,0.170511560605
1199,0.272015017699,0.268806352546
1200,0.318860029171,0.238743238876
1201,0.459349001889,0.178779258857
1202,0.477296159853,0.173221315079
1203,0.4984279481,0.167104494898
1204,0.242664483721,0.291830652871
1205,0.320337099825,0.237904291678
1206,0.401548496764,0.199382513646
1207,0.416848802231,0.193480181377
1208,0.490354793967,0.169389663677
1209,0.0983835077578,0.504074159844
1210,0.0,1.0
1211,0.364660356402,0.21521095704
1212,0.36847942592,0.213456545725
1213,0.589977156857,0.144932334362
1214,0.345007393767,0.224715367431
1215,0.367696665508,0.213813797221
1216,0.297601796782,0.251507917744
1217,0.243960622545,0.290730954201
1218,0.353734565005,0.22039317194
1219,0.443561869984,0.183971697652
1220,0.138334525715,0.419578320431
1221,0.319404437798,0.238433337819
1222,0.352093078652,0.221193388534
1223,0.422387584614,0.191428745524
1224,0.267893694218,0.271817651598
1225,0.273139940989,0.267995968845
1226,0.329421485143,0.232871440903
1227,0.528396552499,0.159135182398
1228,0.529754136411,0.158792128893
1229,0.158639420961,0.386638663312
1230,0.337442321099,0.228601566828
1231,0.377573774857,0.209391732262
1232,0.538968133889,0.156502327262
1233,0.15,0.4
1234,0.28584681651,0.259170208801
1235,0.372223244249,0.211764247563
1236,0.366322958792,0.214443655657
1237,0.467241120314,0.176291873806
1238,0.323125658961,0.236336411849
1239,0.409527805353,0.196260143116
1240,0.379755418044,0.208439542815
1241,0.299265900247,0.250459655929
1242,0.388053777939,0.204895453165
1243,0.232147375553,0.3010711731
1244,0.378597094433,0.20894401818
1245,0.341959786129,0.226264929839
1246,0.297923405376,0.251304644685
1247,0.457605095247,0.179338389933
1248,0.309196817011,0.244381177572
1249,0.522526214351,0.160635805681
1250,0.295591612185,0.252785946213
1251,0.364549980791,0.215262090485
1252,0.434705142512,0.187018960637
1253,0.573992952297,0.148369503953
1254,0.358242131505,0.218225241908
1255,0.484641290407,0.171045052138
1256,0.351311118792,0.221576637127
1257,0.380255395496,0.208222543542
1258,0.43176957809,0.188051374355
1259,0.363846766784,0.215588438168
1260,0.371383893741,0.212141316935
1261,0.461350985445,0.178141666431
1262,0.420765453228,0.192025026584
1263,0.362003576057,0.216448541056
1264,0.360412326604,0.217196617514
1265,0.393063296929,0.202813717068
1266,0.379451180064,0.208571809098
1267,0.507264469376,0.16467289796
1268,0.326947724004,0.234220712227
1269,0.449070158265,0.182126088069
1270,0.45682435837,0.179589844619
1271,0.506692672788,0.164828099111
1272,0.453577615148,0.180643142468
1273,0.591029303114,0.144711663528
1274,0.432033430546,0.187958113642
1275,0.372078088202,0.211829361496
1276,0.445529980313,0.183307982345
1277,0.55999077289,0.151517269798
1278,0.498807678583,0.166998526533
1279,0.48339732013,0.171409769208
1280,0.254628444553,0.281985276522
1281,0.377786498857,0.209298505167
1282,0.283809445927,0.260545958577
1283,0.391112110212,0.203619495265
1284,0.291870159644,0.255186565088
1285,0.177079256882,0.360907565313
1286,0.438811494616,0.185593664945
1287,0.373446271412,0.211217208875
1288,0.34787653802,0.223275817131
1289,0.471746086056,0.174902815146
1290,0.491366168125,0.16909996782
1291,0.385668169707,0.20590190224
1292,0.268848089804,0.271114322574
1293,0.353203964126,0.220651203246
1294,0.294139513575,0.25371726649
1295,0.374621906221,0.210694025474
1296,0.626710177163,0.137606439462
1297,0.456322298233,0.17975191776
1298,0.48417305431,0.171182151012
1299,0.348383214263,0.223023513858
1300,0.187674683275,0.347614878242
1301,0.395626919056,0.201764666436
1302,0.519749669387,0.161355471313
1303,0.490165072885,0.169444117577
1304,0.419790398749,0.192385238821
1305,0.323484867733,0.236135946333
1306,0.44280262536,0.184229027878
1307,0.569290440558,0.14941196518
1308,0.42776965792,0.189476599307
1309,0.374806488888,0.210612117442
1310,0.1,0.5
1311,0.347038882163,0.223694188559
1312,0.479655319262,0.172516315605
1313,0.490188282027,0.169437454191
1314,0.303500130446,0.247831394477
1315,0.165401794966,0.376787203014
1316,0.477147194505,0.173266024599
1317,0.175,0.363636363636
1318,0.463681606371,0.177405114642
1319,0.407845248193,0.196910378419
1320,0.373408403987,0.211234103911
1321,0.338286845207,0.228161080109
1322,0.455931658548,0.17987822507
1323,0.404044695352,0.198395104486
1324,0.409710596596,0.196189760754
1325,0.374128932652,0.210913093704
1326,0.382470452306,0.207266578755
1327,0.348103026606,0.223162964904
1328,0.417049810972,0.19340496385
1329,0.39499838649,0.20202086053
1330,0.270115895744,0.270185639552
1331,0.328448489505,0.233400286031
1332,0.446513323779,0.182978155608
1333,0.154290015449,0.393251775235
1334,0.359122559472,0.21780676627
1335,0.35315869321,0.220673246477
1336,0.314918142204,0.241011394365
1337,0.219408438728,0.31307876648
1338,0.447755776852,0.182563113391
1339,0.354744072913,0.219903910698
1340,0.292605684798,0.254708487095
1341,0.562348510283,0.1509779194
1342,0.359097433993,0.217818686396
1343,0.52199463213,0.160773091654
1344,0.390460611496,0.203889971297
1345,0.411860258717,0.195365821622
1346,0.338669315943,0.227962149085
1347,0.318024231157,0.239220582317
1348,0.369726077027,0.212890032916
1349,0.324694336425,0.235463464952
1350,0.473955628043,0.174229496348
1351,0.303738958498,0.247684792104
1352,0.379082972495,0.208732110597
1353,0.380992751188,0.207903341065
1354,0.417255522167,0.193328047192
1355,0.436283166901,0.18646865345
1356,0.358438083434,0.218131965065
1357,0.282977508749,0.261111939254
1358,0.297580170075,0.251521598728
1359,0.357088048088,0.218776230134
1360,0.271250309047,0.269360045131
1361,0.289008837927,0.257063568357
1362,0.32774452653,0.233784405873
1363,0.386107001649,0.205716024786
1364,0.317379699119,0.23958999494
1365,0.288561023232,0.257359832873
1366,0.372237642216,0.211757791121
1367,0.365427620849,0.214856178534
1368,0.507633020221,0.164573018042
1369,0.439567984493,0.185333457273
1370,0.334362787703,0.230222299955
1371,0.388372847903,0.204761588261
1372,0.445335086592,0.18337349358
1373,0.390788011074,0.203753958417
1374,0.341844395723,0.226324020329
1375,0.278339999025,0.264312523808
1376,0.507633847757,0.164572793911
1377,0.111325050656,0.473204665938
1378,0.486609012879,0.170471298266
1379,0.346685911124,0.223870951623
1380,0.438491779837,0.185703856111
1381,0.356277905152,0.219164677647
1382,0.454227712154,0.180431252005
1383,0.437414799536,0.186076006999
1384,0.148769321882,0.401978826181
1385,0.224638965523,0.308034495609
1386,0.338332720979,0.228137200838
1387,0.428786301364,0.189112311991
1388,0.457107692902,0.17949850859
1389,0.343085738577,0.225689954096
1390,0.319148340358,0.238579019339
1391,0.562774776802,0.150880817285
1392,0.444150541265,0.183772673951
1393,0.528958841404,0.15899291562
1394,0.388042435258,0.204900215177
1395,0.481412798319,0.1719948379
1396,0.353939864163,0.220293496771
1397,0.292838198632,0.254557729743
1398,0.347477143537,0.223475101342
1399,0.442059331444,0.184481650253
1400,0.271035400039,0.269516062321
1401,0.6536605468,0.132685730233
1402,0.29365335916,0.254030602491
1403,0.324652755591,0.235486520889
1404,0.293201662985,0.25432242387
1405,0.45500181126,0.180179592159
1406,0.348730017481,0.22285114903
1407,0.242182459133,0.292241748023
1408,0.507001548589,0.164744225501
1409,0.272863378376,0.268194748531
1410,0.377073048657,0.209611505579
1411,0.350500654113,0.221975260384
1412,0.389040784977,0.204481922719
1413,0.533744815729,0.157792217811
1414,0.425676223305,0.190231164292
1415,0.499775928407,0.166728932029
1416,0.365198961602,0.214961786793
1417,0.478889865306,0.172744430319
1418,0.422453461957,0.191404607839
1419,0.59860679775,0.143142036868
1420,0.429189743937,0.188968136941
1421,0.406071677901,0.19760046722
1422,0.35948013109,0.217637267063
1423,0.426090759684,0.190081270502
1424,0.35541028334,0.219582217746
1425,0.278416779313,0.26425889513
1426,0.37039524134,0.212587184588
1427,0.182744984599,0.353675592661
1428,0.427153249396,0.189698157252
1429,0.309776608239,0.244035403655
1430,0.448582133391,0.182288109498
1431,0.407507758822,0.197041322545
1432,0.380591258309,0.208077026519
1433,0.333382287137,0.230743163641
1434,0.550259352186,0.153784793196
1435,0.333903993877,0.23046572839
1436,0.573342511652,0.148512827082
1437,0.376904487911,0.209685592262
1438,0.395498054012,0.201817139725
1439,0.247305766162,0.287930721984
1440,0.374185035481,0.210888139687
1441,0.370673084731,0.212461692083
1442,0.378490733957,0.208990462935
1443,0.326049290545,0.234714626263
1444,0.261242785543,0.27682213736
1445,0.302327470971,0.248553745929
1446,0.255209383637,0.281524094257
1447,0.375802586323,0.210171198885
1448,0.44472543427,0.183578723718
1449,0.401593501573,0.199364624315
1450,0.410926730382,0.195722779909
1451,0.427945286425,0.189413567222
1452,0.3339125511,0.230461183357
1453,0.31262135957,0.242352940973
1454,0.503625461026,0.165665642781
1455,0.417327131413,0.193301286416
1456,0.439643154687,0.185307641043
1457,0.434103325896,0.187229689746
1458,0.501475961655,0.166257683391
1459,0.386409891937,0.205587924213
1460,0.331861926529,0.231555489977
1461,0.371137549756,0.212252239398
1462,0.411838762662,0.195374026539
1463,0.392898559579,0.202881501795
1464,0.401740605406,0.199306173195
1465,0.291047854889,0.255723177483
1466,0.253544997958,0.282849426743
1467,0.205254957844,0.327595006831
1468,0.483892334733,0.171264450741
1469,0.620741772041,0.13874594741
1470,0.402903621973,0.198845257085
1471,0.533333333333,0.157894736842
1472,0.329246911805,0.232966148969
1473,0.281054109206,0.262429921589
1474,0.348613721158,0.222908919821
1475,0.262555278149,0.275820008774
1476,0.416252835136,0.193703536705
1477,0.433714073015,0.187366241694
1478,0.280073817439,0.263106784555
1479,0.341143630235,0.226683540567
1480,0.311377431619,0.243085770667
1481,0.277979947504,0.264564299404
1482,0.45758235656,0.179345703506
1483,0.150122013714,0.39980487329
1484,0.389058940364,0.204474331714
1485,0.372112577466,0.211813886715
1486,0.453013987526,0.180827252575
1487,0.209893316951,0.322691695916
1488,0.395987011567,0.201618182872
1489,0.394850742537,0.202081135591
1490,0.38346704571,0.206839330389
1491,0.382028214986,0.207456735708
1492,0.393903406847,0.202468739056
1493,0.372093007864,0.211822667005
1494,0.359242620148,0.21774982463
1495,0.505270682448,0.165215337369
1496,0.242160264898,0.292260704292
1497,0.628398440072,0.137287498845
1498,0.395196908059,0.201939871539
1499,0.406395708825,0.197474027243
1500,0.460056707268,0.178553347728
1501,0.253609375074,0.282797931981
1502,0.290842126775,0.255857782848
1503,0.279493097508,0.263509404141
1504,0.306062774497,0.246267341605
1505,0.42071374991,0.192044093357
1506,0.15,0.4
1507,0.381613593366,0.207635335417
1508,0.237795157128,0.296037399856
1509,0.271662806266,0.269061090628
1510,0.19150688432,0.343045071589
1511,0.385848641286,0.205825418664
1512,0.328490385656,0.233377465044
1513,0.463056492546,0.177602072481
1514,0.415376470297,0.194032917223
1515,0.301129136577,0.24929627614
1516,0.308927644739,0.244542038883
1517,0.322103445571,0.236908750803
1518,0.6666666666666666,0.13043478260869565
1519,0.284092866173,0.260353702989
1520,0.46,0.178571428571
1521,0.314734037334,0.241118381898
1522,0.442422069426,0.184358280455
1523,0.24912355739,0.286431545175
1524,0.285,0.25974025974
1525,0.418263652874,0.19295198389
1526,0.39999999999999997,0.2
1527,0.298726681159,0.250798365711
1528,0.216090962359,0.316364628883
1529,0.571651301914,0.148886780559
1530,0.33135936393,0.231825267658
1531,0.338454760942,0.228073700888
1532,0.42633912909,0.189991574772
1533,0.372145283645,0.211799214064
1534,0.412173452764,0.19524635543
1535,0.449407257698,0.18201434109
1536,0.390634967418,0.203817515344
1537,0.384256563085,0.206502105749
1538,0.605334555753,0.141776691904
1539,0.402700666118,0.198925537084
1540,0.337487674047,0.228577868435
1541,0.324547662754,0.235544813393
1542,0.378289997543,0.209078175403
1543,0.383373171069,0.206879500115
1544,0.415356545978,0.194040418775
1545,0.241479668695,0.292843203176
1546,0.394340044487,0.202289903712
1547,0.409326335615,0.196337776014
1548,0.464887611988,0.177026363967
1549,0.401953015377,0.199221833392
1550,0.456143698104,0.179809643337
1551,0.393136174509,0.202783744469
1552,0.333683981952,0.230582645801
1553,0.368344751054,0.213517926218
1554,0.285147131311,0.259641035517
1555,0.316274965661,0.24022583208
1556,0.409989748524,0.196082372811
1557,0.340990819404,0.226762090275
1558,0.425893372813,0.190152614902
1559,0.308561683699,0.244761082573
1560,0.468166034919,0.176004889159
1561,0.191495243369,0.343058771197
1562,0.465132376092,0.176949692197
1563,0.252637399329,0.283577408948
1564,0.418832684331,0.192740363165
1565,0.347073014835,0.223677110185
1566,0.485740866655,0.170723959506
1567,0.419525900013,0.192483185145
1568,0.695799098469,0.125659855851
1569,0.322349356834,0.236770811609
1570,0.363289824507,0.215847607071
1571,0.406226405618,0.197540070787
1572,0.297780204317,0.251395114474
1573,0.545581646851,0.154899075102
1574,0.276817539583,0.265380428179
1575,0.22100900591,0.311517739874
1576,0.524718330489,0.160072139906
1577,0.320449654293,0.237840604646
1578,0.5142857142857143,0.1627906976744186
1579,0.353843302914,0.220340367166
1580,0.355712917076,0.219436395706
1581,0.480087821525,0.172387690776
1582,0.269349110141,0.270746557266
1583,0.606675220314,0.141507721122
1584,0.364836280436,0.215129507332
1585,0.404520234814,0.198208105641
1586,0.414639278196,0.19431085857
1587,0.306636999204,0.245919579861
1588,0.316945177465,0.239839684939
1589,0.4210187106,0.191931686839
1590,0.390031519795,0.204068505719
1591,0.388003506298,0.204916560454
1592,0.347508774422,0.22345930564
1593,0.492816326217,0.1686863124
1594,0.327763830654,0.233773855651
1595,0.19096969001,0.343678408554
1596,0.395405275924,0.201854935464
1597,0.195759775713,0.338112239093
1598,0.420384972698,0.192165426072
1599,0.359162353891,0.217787889518
1600,0.225792523541,0.306943814773
1601,0.306653212124,0.245909775255
1602,0.246616500664,0.288503287664
1603,0.479942173314,0.172430984677
1604,0.388501886652,0.204707500078
1605,0.313531502814,0.241819545354
1606,0.055366394976,0.643639829678
1607,0.3217407449,0.237112494368
1608,0.26369303515,0.274957148846
1609,0.461414322994,0.178121568874
1610,0.425310930714,0.190363447918
1611,0.250940513673,0.284948577049
1612,0.475,0.17391304347826086
1613,0.399833020936,0.200066813939
1614,0.331768248626,0.231605729042
1615,0.333646270437,0.230602698138
1616,0.180913552108,0.355981401572
1617,0.369937885144,0.212794080157
1618,0.384814326716,0.206264531573
1619,0.26936273706,0.270736568599
1620,0.341128142148,0.226691499466
1621,0.501010333859,0.166386490159
1622,0.332184689448,0.231382560376
1623,0.413580682025,0.1947113735
1624,0.193714916874,0.340466194446
1625,0.338609671129,0.227993148766
1626,0.407204222759,0.197159241806
1627,0.570256468014,0.149196620655
1628,0.18706865726,0.348348722408
1629,0.492762111516,0.168701740643
1630,0.51755688226,0.161928403476
1631,0.427944439146,0.189413871205
1632,0.435792784794,0.186639318106
1633,0.316134415138,0.240306969004
1634,0.561138069543,0.151254336434
1635,0.514041889654,0.162855338838
1636,0.415337021611,0.194047770306
1637,0.464218746222,0.17723622384
1638,0.0896996243836,0.527149172408
1639,0.465812590553,0.176736964977
1640,0.358503274941,0.218100950343
1641,0.078752165646,0.55943378162
1642,0.340993426848,0.226760749508
1643,0.490619613999,0.16931371331
1644,0.431606173531,0.188109177393
1645,0.580132522378,0.14703016943
1646,0.200818544651,0.332426314063
1647,0.324259398456,0.235704855011
1648,0.355709905068,0.219437846068
1649,0.374218579886,0.210873222268
1650,0.24564751516,0.289312075493
1651,0.457256082413,0.179450710644
1652,0.283796933505,0.260554452811
1653,0.372326904456,0.211717772281
1654,0.366501674474,0.214361502802
1655,0.307038378466,0.245677079338
1656,0.286216420325,0.258922186467
1657,0.443129245623,0.184118238533
1658,0.361955499524,0.216471067242
1659,0.567812944894,0.149742530097
1660,0.469433309498,0.175613190047
1661,0.284095536336,0.260351893058
1662,0.5114225708,0.163553006997
1663,0.366279604649,0.214463594382
1664,0.348773777416,0.222829418813
1665,0.155589577413,0.391252260801
1666,0.297632863197,0.251488267836
1667,0.358066017734,0.218309143504
1668,0.29971298408,0.250179513758
1669,0.466454630058,0.176536645114
1670,0.555265388272,0.152609922315
1671,0.396364273799,0.201464942742
1672,0.346071934157,0.224179089386
1673,0.349650167356,0.22239511349
1674,0.264540516867,0.274317930033
1675,0.377221517256,0.20954629325
1676,0.332658307418,0.231129272882
1677,0.46821973974,0.175988254202
1678,0.356198481668,0.219202833894
1679,0.392331251997,0.203115279792
1680,0.478916189423,0.172736575392
1681,0.324914860513,0.23534126314
1682,0.442432104959,0.184354869643
1683,0.268526766418,0.271350710755
1684,0.277130215499,0.265160403199
1685,0.452451223784,0.181011455301
1686,0.495455995854,0.167938522236
1687,0.29631020968,0.252327589746
1688,0.479132217291,0.172672141204
1689,0.419813579378,0.19237665957
1690,0.298179123796,0.251143251928
1691,0.218014487659,0.31445108283
1692,0.250810501502,0.285054180453
1693,0.29174026202,0.255271182707
1694,0.417012024454,0.193419099112
1695,0.141378753482,0.414286670047
1696,0.293720629564,0.253987199276
1697,0.51684992622,0.162113985508
1698,0.354093911838,0.220218763989
1699,0.324418966349,0.235616237559
1700,0.355591840059,0.219494712607
1701,0.388471345772,0.204720299083
1702,0.407309477311,0.197118335991
1703,0.210472578714,0.322089636432
1704,0.248666441875,0.286807068275
1705,0.407500859211,0.197044001375
1706,0.42961370033,0.188816867724
1707,0.339710007018,0.227422615824
1708,0.411201037938,0.195617756183
1709,0.241046391973,0.293215240958
1710,0.351813889657,0.221330070388
1711,0.50745773212,0.164620507259
1712,0.281465807212,0.262146693385
1713,0.419996386824,0.192309028551
1714,0.290748039053,0.255919390517
1715,0.48945330919,0.169648721011
1716,0.201453367202,0.331726266414
1717,0.337621952744,0.22850773224
1718,0.357902783768,0.218386966721
1719,0.333183565641,0.230849016287
1720,0.162204511563,0.381381690971
1721,0.366689348834,0.214275299511
1722,0.385369175772,0.206028740579
1723,0.392874166884,0.202891542546
1724,0.33468654914,0.230050826734
1725,0.337690773073,0.228471802816
1726,0.2885372216,0.257375598632
1727,0.160010514284,0.384599831571
1728,0.389172951061,0.204426675234
1729,0.452965829897,0.180843000767
1730,0.320570778964,0.237772106389
1731,0.425257854851,0.190382683622
1732,0.325282353871,0.235137900949
1733,0.504832698509,0.165334976509
1734,0.560741055259,0.151345219438
1735,0.307334838302,0.245498274631
1736,0.27138380884,0.269263219396
1737,0.366483464165,0.214369870921
1738,0.415903704436,0.193834622896
1739,0.325360310868,0.235094806556
1740,0.321817714314,0.237069228263
1741,0.477467234567,0.173169998251
1742,0.302323235458,0.248556362613
1743,0.381253846897,0.207790546808
1744,0.415548525642,0.193968162115
1745,0.324327670395,0.235666931423
1746,0.415144779487,0.194120185202
1747,0.133048996329,0.429094317397
1748,0.377198966613,0.209556195626
1749,0.311931893291,0.242758576427
1750,0.410767563191,0.195783771732
1751,0.393129659639,0.2027864235
1752,0.410474151206,0.195896304962
1753,0.411308088807,0.195576800346
1754,0.311715331943,0.242886266897
1755,0.341270825145,0.226618199758
1756,0.345763589803,0.22433415893
1757,0.466316990015,0.176579551317
1758,0.326988831888,0.234198162884
1759,0.397038881764,0.201191503661
1760,0.37453815344,0.210731211548
1761,0.261850897862,0.276356921016
1762,0.210123075611,0.322452625633
1763,0.336478805568,0.229106198799
1764,0.451926474636,0.181183553599
1765,0.25321359145,0.283114813305
1766,0.413790141916,0.194631994353
1767,0.454024408706,0.180497462618
1768,0.328031658626,0.233627578673
1769,0.43719014536,0.186153824421
1770,0.344263615809,0.225091581758
1771,0.375774886478,0.210183435154
1772,0.229133291775,0.303828274134
1773,0.322657546684,0.236598165074
1774,0.557975469034,0.151981349923
1775,0.349802096089,0.222319995548
1776,0.366219881357,0.21449106741
1777,0.243022487677,0.291526076547
1778,0.365289881365,0.21491978228
1779,0.435978441965,0.186574668252
1780,0.403945800791,0.198434037635
1781,0.395420341768,0.20184879701
1782,0.323059682019,0.23637326895
1783,0.360868005763,0.216981866282
1784,0.387683468159,0.205051035208
1785,0.117035263035,0.460754619326
1786,0.236535583275,0.297145398495
1787,0.295705340924,0.2527132936
1788,0.465893914959,0.176711566173
1789,0.56,0.1515151515151515
1790,0.431014874255,0.188318641997
1791,0.347637493861,0.223395049278
1792,0.604569617994,0.141930616147
1793,0.372677661114,0.211560664332
1794,0.385244489129,0.206081680968
1795,0.360447656518,0.217179952128
1796,0.332215417456,0.231366110419
1797,0.29824681849,0.251100562157
1798,0.166945233993,0.374608673488
1799,0.352294331174,0.221094966502
1800,0.651809659477,0.133012390489
1801,0.422466877915,0.191399692932
1802,0.407111468512,0.197195303615
1803,0.317046243266,0.239781562871
1804,0.403152213132,0.198747014104
1805,0.231647052983,0.301525368914
1806,0.413959178759,0.19456798153
1807,0.409124968069,0.196415430929
1808,0.374095833217,0.210927818794
1809,0.418719890735,0.192782273798
1810,0.282135311398,0.261687410237
1811,0.320505893709,0.237808795301
1812,0.416330750923,0.193674306288
1813,0.276481011948,0.265617645582
1814,0.419146402513,0.192623890902
1815,0.342697170264,0.225888048799
1816,0.357876422866,0.218399539714
1817,0.301218773025,0.249240580759
1818,0.175250626997,0.363305257798
1819,0.39349743306,0.202635299195
1820,0.415241428248,0.194083772223
1821,0.323770760978,0.235976639278
1822,0.400970665044,0.199612486275
1823,0.372756121957,0.211525552723
1824,0.409308005565,0.196344842232
1825,0.411157894939,0.195634266809
1826,0.349349049288,0.222544145044
1827,0.480946439305,0.172132908018
1828,0.399198115234,0.200321269148
1829,0.260019654825,0.277762612846
1830,0.246593020884,0.288522832182
1831,0.501875994096,0.166147181448
1832,0.428856437837,0.189087232083
1833,0.302756323703,0.248289087259
1834,0.110578335236,0.474882660117
1835,0.379427341076,0.208582180098
1836,0.43226803574,0.187875268258
1837,0.448478102422,0.182322684458
1838,0.570250007758,0.149198058698
1839,0.230545685821,0.302530041352
1840,0.57146268333,0.148928603901
1841,0.410020874808,0.196070406015
1842,0.54,0.15625
1843,0.430447962533,0.188519905935
1844,0.418196276447,0.19297707171
1845,0.593831284704,0.144127257165
1846,0.278121401089,0.26446532704
1847,0.398959810278,0.200416943289
1848,0.400299407915,0.199880308507
1849,0.39303683873,0.20282460081
1850,0.379034515612,0.208753224958
1851,0.382270095902,0.207352686492
1852,0.288108958253,0.257659602732
1853,0.57032784827,0.149180733365
1854,0.416619085536,0.193566213095
1855,0.170416444991,0.36979999498
1856,0.550232053369,0.153791249573
1857,0.321100381809,0.23747306894
1858,0.111137765253,0.473624412383
1859,0.494472904177,0.168216245513
1860,0.550544062136,0.153717489437
1861,0.175,0.363636363636
1862,0.224522386971,0.308145151197
1863,0.153838688771,0.393950979199
1864,0.300646550935,0.249596557781
1865,0.390195843012,0.204000097972
1866,0.366975786373,0.214143865524
1867,0.442944966707,0.184180729414
1868,0.390457138792,0.203891414949
1869,0.445,0.183486238532
1870,0.271247454214,0.269362116467
1871,0.340237850087,0.227149937199
1872,0.353074968524,0.220714025155
1873,0.245891575967,0.289107937135
1874,0.376220475399,0.209986771182
1875,0.456249892608,0.179775315607
1876,0.407741146049,0.196950750945
1877,0.246549726846,0.28855887699
1878,0.35326570764,0.220621146304
1879,0.440006993222,0.185182786992
1880,0.486471539404,0.17051125806
1881,0.465708501432,0.17676948419
1882,0.287751342457,0.257897237354
1883,0.446242923864,0.183068733033
1884,0.315611916331,0.240609078014
1885,0.232180847034,0.301040836318
1886,0.404878292322,0.198067537307
1887,0.273119191273,0.268010872501
1888,0.643755053741,0.134452867913
1889,0.245719119804,0.289252153762
1890,0.326258124403,0.23459963406
1891,0.484552111975,0.171071146527
1892,0.489192513564,0.169723813012
1893,0.371413724913,0.212127892582
1894,0.456250550591,0.179775102953
1895,0.402313265405,0.199078955081
1896,0.458796887554,0.178955900126
1897,0.360415761488,0.217194997141
1898,0.410675095241,0.195819222304
1899,0.27704004073,0.265223820278
1900,0.353523585317,0.220495699094
1901,0.525918250522,0.159765272728
1902,0.391183571843,0.203589870941
1903,0.379719130667,0.208455309799
1904,0.42475360657,0.190565626892
1905,0.320540135304,0.237789432221
1906,0.473150650934,0.17447419773
1907,0.343122502766,0.225671229458
1908,0.473420207238,0.174392180006
1909,0.329087964575,0.233052446715
1910,0.367912620875,0.213715115897
1911,0.33477234631,0.23000542893
1912,0.405732704369,0.197732911351
1913,0.340631747255,0.226946879391
1914,0.484473131902,0.171094263435
1915,0.313914751739,0.241595641566
1916,0.312831686492,0.242229468503
1917,0.398784183598,0.200487512011
1918,0.280734968522,0.2626498963
1919,0.428698248233,0.189143808087
1920,0.340585561749,0.226970669676
1921,0.39386963398,0.202482584714
1922,0.42268540449,0.19131967172
1923,0.436526591657,0.186384051704
1924,0.338634773658,0.227980100999
1925,0.125314939012,0.443823212249
1926,0.425558750927,0.190273684576
1927,0.419034892995,0.192665274242
1928,0.41395628106,0.194569078509
1929,0.208283063283,0.324377210136
1930,0.444820297136,0.18354675941
1931,0.3883453651,0.204773111708
1932,0.385143773241,0.206124463542
1933,0.413042127353,0.194915767475
1934,0.323830101118,0.235943600363
1935,0.382212732619,0.207377352848
1936,0.417073638658,0.193396051401
1937,0.423904455884,0.190874497968
1938,0.375875739476,0.21013889069
1939,0.335184270431,0.229787717053
1940,0.384763227421,0.206286274089
1941,0.380141876406,0.208271773228
1942,0.482295760867,0.171734034009
1943,0.453299330673,0.180733997777
1944,0.251049281581,0.284860289557
1945,0.364755973338,0.215166680445
1946,0.287866089085,0.25782094082
1947,0.20032108266,0.332976956244
1948,0.360542331094,0.217135306026
1949,0.433573983924,0.187415434434
1950,0.345913198433,0.224258892429
1951,0.353359850809,0.220575332865
1952,0.482977416998,0.171533231107
1953,0.274440673051,0.267065004411
1954,0.463294064318,0.177527168019
1955,0.356242280259,0.219181790743
1956,0.366134286713,0.214530453671
1957,0.465665973112,0.176782774205
1958,0.450887630818,0.181525222941
1959,0.411950381552,0.19533142977
1960,0.293419268165,0.254181754916
1961,0.415228495489,0.194088643923
1962,0.511659983729,0.163489524671
1963,0.351896490634,0.221289614043
1964,0.407634912264,0.196991967227
1965,0.371628069427,0.212031485152
1966,0.446942437141,0.182834596859
1967,0.442588288528,0.184301803254
1968,0.303012227344,0.248131429309
1969,0.581346132889,0.146768279987
1970,0.398257587275,0.200699402385
1971,0.319228214837,0.238533563488
1972,0.23204219316,0.301166544674
1973,0.301615378187,0.248994449494
1974,0.237541175742,0.296260151907
1975,0.25088525681,0.284993450307
1976,0.417600573949,0.19319916753
1977,0.0193197913474,0.838083932856
1978,0.518784582526,0.16160712924
1979,0.333483611346,0.230689228803
1980,0.53920711118,0.156443816489
1981,0.390662007352,0.203806283147
1982,0.240801058463,0.293426318718
1983,0.471631402346,0.174937905072
1984,0.370324815649,0.212619017055
1985,0.402271623314,0.199095460222
1986,0.397848143335,0.200864463067
1987,0.458750756975,0.178970674763
1988,0.408959789148,0.196479176022
1989,0.356532342852,0.219042531303
1990,0.237665016043,0.296151497042
1991,0.0590965154284,0.628549278598
1992,0.368436592392,0.213476064048
1993,0.283259840779,0.260919588644
1994,0.541955066956,0.155774142378
1995,0.354494270445,0.220024775894
1996,0.325981863926,0.234751778112
1997,0.525270539038,0.159930771972
1998,0.261741170855,0.276440748405
1999,0.37268389117,0.211557875925
2000,0.270725506166,0.269741354012
2001,0.411719421756,0.195419590792
2002,0.406632688414,0.197381657929
2003,0.309882688326,0.243972245836
2004,0.437020008106,0.186212801182
2005,0.293469987275,0.254148990353
2006,0.21569538771,0.316761042109
2007,0.449905759797,0.181849340943
2008,0.385486301583,0.205979035194
2009,0.335246341744,0.229754946588
2010,0.349442877208,0.222497685626
2011,0.238383542675,0.295522646313
2012,0.465053935032,0.176974256439
2013,0.273596317775,0.267668591049
2014,0.365584179781,0.21478393026
2015,0.334147961893,0.230336218933
2016,0.353848320388,0.220337931216
2017,0.420214314744,0.192228466549
2018,0.420781397029,0.192019147709
2019,0.338782774067,0.227903203841
2020,0.408831153384,0.196528847212
2021,0.267404163042,0.27217982282
2022,0.758433425248,0.116491270096
2023,0.335585722588,0.229575936066
2024,0.279893906304,0.263231387344
2025,0.293203260526,0.254321390586
2026,0.239385416549,0.294650256386
2027,0.453593375858,0.180637999588
2028,0.328027049304,0.233630094553
2029,0.371119937861,0.212260174031
2030,0.389924528117,0.204113071016
2031,0.448148567256,0.182432292947
2032,0.46561705766,0.176798062657
2033,0.467360089735,0.176254907261
2034,0.495972940902,0.167792852891
2035,0.202315058935,0.330780743613
2036,0.342584874926,0.225945362495
2037,0.418486170364,0.192869175141
2038,0.149533675981,0.400747512762
2039,0.286285536685,0.258875858667
2040,0.306916997425,0.245750363423
2041,0.353384886186,0.220563152957
2042,0.346228492368,0.224100436683
2043,0.361808323886,0.216540055317
2044,0.411312501222,0.195575112599
2045,0.25082636146,0.285041293886
2046,0.37493592633,0.210554717923
2047,0.276690022396,0.265470264819
2048,0.355441169595,0.219567326531
2049,0.541281308089,0.155937805669
2050,0.575310404607,0.148080052251
2051,0.499145642681,0.166904326555
2052,0.539854320316,0.156285574427
2053,0.351542292761,0.221463197586
2054,0.477700640464,0.173100033124
2055,0.355231411839,0.219668496943
2056,0.395613265726,0.20177022472
2057,0.28151354339,0.262113892764
2058,0.308874677996,0.244573717527
2059,0.504340326628,0.165469679242
2060,0.280438317662,0.262854700374
2061,0.327782201471,0.233763816391
2062,0.377012646583,0.209638047788
2063,0.338222236226,0.228194718874
2064,0.496488566227,0.167647806952
2065,0.5666666666666667,0.15000000000000002
2066,0.568553393813,0.149576684414
2067,0.465462230603,0.17684647106
2068,0.363611518007,0.215697833457
2069,0.449400435268,0.182016601336
2070,0.352803559811,0.220846320293
2071,0.37085307225,0.212380476827
2072,0.324666725809,0.235478774113
2073,0.422600130017,0.191350890014
2074,0.406716614998,0.197348965951
2075,0.258638710844,0.278832142143
2076,0.298445801372,0.250975163135
2077,0.289640616669,0.256646755297
2078,0.337728649033,0.228452033517
2079,0.353387355227,0.220561951821
2080,0.49090811492,0.169231048745
2081,0.297261362705,0.251723448057
2082,0.178737741333,0.358760171915
2083,0.412208369381,0.195233045725
2084,0.29089536956,0.255822933161
2085,0.45061625195,0.181614690169
2086,0.401466053377,0.199415293072
2087,0.484666353857,0.171037719787
2088,0.555465264291,0.152563385808
2089,0.41069436656,0.195811832963
2090,0.321904626895,0.237020391874
2091,0.340031298068,0.227256562065
2092,0.237840090742,0.295998026109
2093,0.371566073516,0.212059360535
2094,0.384539803465,0.206381393819
2095,0.394852594175,0.202080379444
2096,0.255073431678,0.281631885347
2097,0.25,0.285714285714
2098,0.297317090136,0.251688141494
2099,0.405701386639,0.19774515681
2100,0.473085322502,0.174494086785
2101,0.500851714323,0.16643041472
2102,0.37972135955,0.208454341274
2103,0.390894259038,0.203709858404
2104,0.384274819318,0.206494321015
2105,0.488376093333,0.169959318764
2106,0.325969249052,0.234758730172
2107,0.444121240517,0.183782570048
2108,0.320460561422,0.237834434844
2109,0.360298708111,0.217250229553
2110,0.192405475718,0.341990859626
2111,0.596921315149,0.143488221448
2112,0.478235526541,0.17293991014
2113,0.343778846897,0.225337464143
2114,0.320101302675,0.238037824123
2115,0.5263639285,0.159651594624
2116,0.389997083176,0.204082847497
2117,0.428678489226,0.189150877212
2118,0.331267133553,0.231874845589
2119,0.320933795858,0.237567049698
2120,0.275990223025,0.265964362572
2121,0.287898920485,0.257799119098
2122,0.555053226448,0.152659350359
2123,0.406182291397,0.197557286574
2124,0.3144277813,0.241296564835
2125,0.267666988285,0.271985256186
2126,0.347902124761,0.223263062334
2127,0.409239504639,0.196371253779
2128,0.108651157977,0.479268847437
2129,0.393573405513,0.202604108899
2130,0.332414174842,0.231259763944
2131,0.349821347843,0.222310480549
2132,0.412927907915,0.194959171566
2133,0.437549351168,0.186029431126
2134,0.441564023547,0.184650374936
2135,0.447712250594,0.182577621537
2136,0.357375410995,0.218638775929
2137,0.311417068137,0.24306235143
2138,0.338146561667,0.228234131564
2139,0.307556027862,0.245365037354
2140,0.34166416676,0.226416375894
2141,0.141390319,0.4142668207
2142,0.174391445096,0.36444284903
2143,0.284685350314,0.25995271179
2144,0.229273628693,0.303698782064
2145,0.481236553138,0.172046990954
2146,0.374086015412,0.21093218688
2147,0.326123056898,0.23467399471
2148,0.510818438008,0.163714769852
2149,0.215329567013,0.317128523492
2150,0.436130333532,0.186521809615
2151,0.386477673994,0.205559279173
2152,0.461430726722,0.178116364567
2153,0.453958897129,0.180518808378
2154,0.402041420405,0.199186752199
2155,0.393021151852,0.202831054255
2156,0.446005025575,0.183148497387
2157,0.371626555002,0.212032165999
2158,0.382501063304,0.207253429278
2159,0.407272798089,0.197132588967
2160,0.563632308695,0.150685852225
2161,0.270712750153,0.269750635657
2162,0.613418737306,0.140170133991
2163,0.405597580729,0.197785756522
2164,0.313306107996,0.241951420667
2165,0.219670322358,0.312822282852
2166,0.478058609997,0.17299283891
2167,0.405718470829,0.19773847658
2168,0.399703681359,0.200118597742
2169,0.50632771133,0.164927312626
2170,0.149043570657,0.401536163877
2171,0.316922581685,0.239852683431
2172,0.19671460724,0.337024189439
2173,0.469695280487,0.175532435365
2174,0.301270104391,0.249208697348
2175,0.350808863753,0.221823500025
2176,0.433599428177,0.187406497682
2177,0.450997486966,0.181489031013
2178,0.5,0.16666666666666666
2179,0.375055216768,0.210501845828
2180,0.327319414576,0.234016982587
2181,0.419323726779,0.192558119037
2182,0.440366517293,0.185059578637
2183,0.380250792147,0.208224539418
2184,0.535503096706,0.157355645501
2185,0.378127769608,0.209149115271
2186,0.345724610379,0.224353777358
2187,0.354492119834,0.22002581703
2188,0.44801231804,0.18247765006
2189,0.367556717252,0.213877795592
2190,0.405986184013,0.197633854756
2191,0.5580816821,0.151956820437
2192,0.38751429717,0.205122189402
2193,0.532708812415,0.158050588261
2194,0.4065841529,0.197400568943
2195,0.417258806297,0.193326819733
2196,0.370629297967,0.212481459255
2197,0.0697013507457,0.589270501151
2198,0.456875650316,0.179573303202
2199,0.361382529308,0.216739892926
2200,0.482145873894,0.171778250924
2201,0.264504310333,0.274345178274
2202,0.415028336415,0.194164073954
2203,0.412507877316,0.195118952168
2204,0.379152861744,0.208701664926
2205,0.340227117351,0.227155475114
2206,0.364538976151,0.21526718991
2207,0.40141563804,0.199435343483
2208,0.487219686914,0.170294018114
2209,0.375660149166,0.210234134971
2210,0.362150551038,0.216379705218
2211,0.1625,0.380952380952
2212,0.362594782616,0.216171914942
2213,0.391947720725,0.20327363211
2214,0.39999999999999997,0.2
2215,0.638407569154,0.135426564106
2216,0.246233599551,0.288822344595
2217,0.461406008095,0.178124207005
2218,0.404500486255,0.198215864453
2219,0.0,1.0
2220,0.512878202076,0.163164556451
2221,0.386786928697,0.205428687799
2222,0.310103943726,0.243840620237
2223,0.399868540669,0.200052597561
2224,0.350539688693,0.221956028536
2225,0.459023778946,0.178883267164
2226,0.272712850536,0.268303064561
2227,0.209972503186,0.322609260409
2228,0.13117527746,0.43257220711
2229,0.33953678743,0.227512242114
2230,0.319073335395,0.238621719766
2231,0.307110958725,0.245633279716
2232,0.369325484519,0.213071745087
2233,0.354077469967,0.220226737978
2234,0.433940260549,0.187286869691
2235,0.362126770472,0.216390839894
2236,0.310075756425,0.243857381065
2237,0.411201930575,0.195617414605
2238,0.333712986996,0.230567225327
2239,0.338225559048,0.2281929886
2240,0.407656380596,0.196983636614
2241,0.402316913317,0.199077509335
2242,0.360872844009,0.216979588405
2243,0.417387782204,0.193278626669
2244,0.417023211216,0.193414914129
2245,0.299920702197,0.250049570954
2246,0.495762127301,0.167852227286
2247,0.517191625906,0.162024233322
2248,0.314987336867,0.240971208315
2249,0.534856086671,0.157516013628
2250,0.258229026266,0.279151025371
2251,0.0,1.0
2252,0.389022993966,0.204489361919
2253,0.359600157915,0.217580430028
2254,0.319315713568,0.238483788621
2255,0.389104727725,0.204455189925
2256,0.468376727121,0.175939645711
2257,0.355788392494,0.219400058551
2258,0.427174993013,0.18969033305
2259,0.337901723794,0.228361740926
2260,0.512903745751,0.163157756325
2261,0.467869781697,0.176096709533
2262,0.308831818415,0.244599357232
2263,0.352150467949,0.221165313515
2264,0.432125721161,0.187925514636
2265,0.494973189871,0.16807480018
2266,0.0,1.0
2267,0.238893157815,0.295078250163
2268,0.396079157394,0.20158073265
2269,0.315420566343,0.240719906769
2270,0.0626783170528,0.614710072072
2271,0.428305780611,0.189284319177
2272,0.334743538829,0.230020669817
2273,0.387414974389,0.205163988089
2274,0.496056222701,0.167769408642
2275,0.408213287671,0.196767779249
2276,0.3731133689,0.211365830208
2277,0.146865998089,0.405078061678
2278,0.369603742157,0.212945492173
2279,0.357944746272,0.218366955433
2280,0.457339925795,0.179423714993
2281,0.269508787959,0.270629558102
2282,0.424760737216,0.190563037415
2283,0.40220318379,0.199122592663
2284,0.349591441678,0.222424162762
2285,0.337389369771,0.228629241841
2286,0.205831799268,0.326977116963
2287,0.361410847217,0.21672659107
2288,0.395087146971,0.201984641718
2289,0.195657842067,0.338228809697
2290,0.323293061248,0.236242946447
2291,0.262862437169,0.275586530202
2292,0.2791449573,0.263751364945
2293,0.465967894548,0.176688467603
2294,0.446456549256,0.182997166264
2295,0.327826382204,0.233739676092
2296,0.440615656726,0.184974295058
2297,0.327130643998,0.234120406497
2298,0.374835773008,0.21059912855
2299,0.332029267186,0.23146580011
2300,0.394194534243,0.202349465789
2301,0.254825068647,0.281829016144
2302,0.329535404722,0.232809679716
2303,0.395021856743,0.202011282205
2304,0.409849612558,0.196136267513
2305,0.444193606727,0.183758130864
2306,0.456816625117,0.179592338822
2307,0.3,0.25
2308,0.539901442033,0.15627406571
2309,0.372609224315,0.211591299651
2310,0.388479390293,0.204716927648
2311,0.300720258129,0.249550647793
2312,0.273528523567,0.267717172025
2313,0.426534550066,0.189921060237
2314,0.302970659971,0.248157024651
2315,0.426019765495,0.190106924796
2316,0.378593675698,0.208945510728
2317,1.0,0.09090909090909091
2318,0.363523764086,0.215738669186
2319,0.464409741411,0.177176247437
2320,0.328267099807,0.233499141179
2321,0.404704068963,0.198135910031
2322,0.445244166118,0.183404071449
2323,0.362509454002,0.216211796612
2324,0.270194454952,0.27012830328
2325,0.560869862307,0.151315721451
2326,0.211206946024,0.321329588808
2327,0.302275225618,0.248586026759
2328,0.512777694775,0.163191318569
2329,0.356024281068,0.219286569052
2330,0.101043530916,0.497404714017
2331,0.393710201933,0.202547971682
2332,0.490151543986,0.169448001991
2333,0.390507060611,0.203870663708
2334,0.266220161669,0.273059788801
2335,0.225,0.307692307692
2336,0.320802820496,0.237640992715
2337,0.164758772292,0.377702310426
2338,0.369519487264,0.21298370507
2339,0.0982201322767,0.504489623992
2340,0.35832768222,0.218184508332
2341,0.418884875534,0.192720976685
2342,0.448355820693,0.182363341878
2343,0.389865742227,0.204137565418
2344,0.27554438473,0.266280109798
2345,0.407515946673,0.19703814364
2346,0.264721864096,0.274181533503
2347,0.457771414276,0.179284913928
2348,0.461401084708,0.178125769123
2349,0.429694548902,0.188788048145
2350,0.344415886309,0.225014458485
2351,0.317357370308,0.239602813115
2352,0.286705446023,0.258594754815
2353,0.337985588082,0.228318014841
2354,0.162753181226,0.38058530646
2355,0.650330127082,0.133274669896
2356,0.391227507029,0.203571661947
2357,0.366105297361,0.214543796361
2358,0.294815080257,0.253283131776
2359,0.392245233505,0.203150773626
2360,0.259726936772,0.27798863465
2361,0.288507981106,0.257394969636
2362,0.349801242964,0.222320417216
2363,0.248739431032,0.286747041205
2364,0.515571612432,0.162450636092
2365,0.421241206661,0.191849759233
2366,0.372931348702,0.211447179965
2367,0.430899534786,0.18835955477
2368,0.243383699513,0.29121941473
2369,0.232598764985,0.300662571626
2370,0.63343501139,0.136344731908
2371,0.349534043289,0.22245256281
2372,0.361801465688,0.216543271146
2373,0.342144609307,0.226170347653
2374,0.339870099885,0.227339844254
2375,0.481670156664,0.171918739262
2376,0.514283414375,0.162791307172
2377,0.380259741587,0.208220659241
2378,0.425921919802,0.190142293437
2379,0.347424261568,0.223501514311
2380,0.429161842163,0.188978100899
2381,0.349636405812,0.222401920101
2382,0.343999642465,0.22522540659
2383,0.466657072785,0.176473576
2384,0.347969783298,0.223229342086
2385,0.380580080923,0.208081865998
2386,0.0999214442566,0.500196466526
2387,0.347253532244,0.223586831161
2388,0.600111363607,0.142834419206
2389,0.435763817512,0.186649409182
2390,0.355926320736,0.219333684966
2391,0.438486036987,0.185705836607
2392,0.283671136803,0.260639882461
2393,0.453537964236,0.180656082258
2394,0.47524278391,0.173839642664
2395,0.478220602119,0.172944373884
2396,0.392896548774,0.202882329464
2397,0.419007436083,0.192675466761
2398,0.38805370351,0.204895484412
2399,0.254902800723,0.281767288949
2400,0.139275747768,0.417927854924
2401,0.428496284097,0.189216089136
2402,0.455314821353,0.180078031694
2403,0.314285234183,0.241379590072
2404,0.381415520059,0.207720764773
2405,0.318366316552,0.239024978933
2406,0.318028122075,0.239218355702
2407,0.415718500831,0.193904232326
2408,0.356039613666,0.219279196375
2409,0.806632758144,0.110298242703
2410,0.536187495672,0.157186365152
2411,0.468545137685,0.175887530069
2412,0.440342261026,0.185067886066
2413,0.361737423707,0.216573305228
2414,0.587205145481,0.145516954664
2415,0.316645454926,0.240012218585
2416,0.28451624689,0.260067034381
2417,0.459256730166,0.178808755632
2418,0.394663489494,0.202157632661
2419,0.376227489966,0.209983678194
2420,0.296395456947,0.252273325154
2421,0.366377286496,0.214418675385
2422,0.317531724781,0.239502758868
2423,0.318173916836,0.239134953123
2424,0.467851200337,0.176102471811
2425,0.453849754469,0.180554381749
2426,0.522350263721,0.160681220575
2427,0.440676409618,0.184953510494
2428,0.271656298194,0.269065802157
2429,0.422908044312,0.191238213081
2430,0.325303124803,0.235126417296
2431,0.284634110301,0.259987342053
2432,0.381946435271,0.207491938277
2433,0.381703612644,0.207596533169
2434,0.320096486858,0.238040552893
2435,0.402020049916,0.199195231379
2436,0.286731402811,0.258577398352
2437,0.44377487052,0.183899634612
2438,0.363984936324,0.215524238334
2439,0.37330633148,0.211279658329
2440,0.383255115819,0.206930039076
2441,0.311066871178,0.243269421623
2442,0.39750715054,0.201002136133
2443,0.306231930336,0.24616479536
2444,0.509972421182,0.163941838233
2445,0.471851328428,0.174870626383
2446,0.161837384863,0.381916432798
2447,0.499125977243,0.166909804947
2448,0.254459676455,0.282119537546
2449,0.322172019422,0.236870269463
2450,0.618317978042,0.13921411277
2451,0.326474525994,0.234480593576
2452,0.444021485869,0.183816269389
2453,0.390089656955,0.204044297979
2454,0.466329826278,0.176575549017
2455,0.422242455938,0.191481942655
2456,0.411863810756,0.195364465896
2457,0.380645229835,0.208053661605
2458,0.390163275272,0.204013652276
2459,0.414126315188,0.194504729764
2460,0.305932278923,0.246346509485
2461,0.372340569992,0.211711646962
2462,0.339605323689,0.22747677203
2463,0.342863379666,0.225803271599
2464,0.166408867737,0.375362880559
2465,0.618582058575,0.139162951269
2466,0.419179115534,0.19261175384
2467,0.493871745678,0.168386525757
2468,0.594924129943,0.143900601074
2469,0.323941481578,0.235881611839
2470,0.404665597783,0.198151014136
2471,0.427253833701,0.189661968502
2472,0.34922660321,0.222604804091
2473,0.303098068147,0.248078589063
2474,0.418029639323,0.193039147587
2475,0.446147908233,0.183100582265
2476,0.292274718288,0.254923387458
2477,0.749335454069,0.117739109466
2478,0.189529290204,0.34538819865
2479,0.404030219556,0.198400802412
2480,0.36588733875,0.214644167554
2481,0.354976741863,0.219791454812
2482,0.316936343226,0.239844766773
2483,0.371602896201,0.212042802972
2484,0.411417028795,0.195535139367
2485,0.438230610153,0.185793966589
2486,0.220052028917,0.312449198771
2487,0.359090288257,0.217822076742
2488,0.21251389661,0.319985770504
2489,0.440634413351,0.184967877609
2490,0.3506357949,0.221908692411
2491,0.484509744161,0.171083546509
2492,0.362280236935,0.216319003086
2493,0.313465173068,0.241858339018
2494,0.37489701732,0.21057196898
2495,0.561819514165,0.151098596913
2496,0.365851335044,0.214660756506
2497,0.388985665645,0.204504972284
2498,0.121407059247,0.451656782489
2499,0.412612777776,0.195079023262
2500,0.388565864294,0.204680693655
2501,0.490785188604,0.16926626112
2502,0.496232781313,0.167719728157
2503,0.305457303475,0.246635093617
2504,0.31638186861,0.240164155884
2505,0.286364156785,0.258823180784
2506,0.397352646322,0.201064578101
2507,0.277144309886,0.265150493799
2508,0.359429873081,0.217661074865
2509,0.43367023649,0.187381632256
2510,0.297524199318,0.251557012558
2511,0.359807568566,0.217482283538
2512,0.410772672037,0.195781813465
2513,0.286957037073,0.25842662213
2514,0.158142261648,0.387383295404
2515,0.424056922632,0.190818965806
2516,0.288673934478,0.257285068869
2517,0.319519645611,0.238367859637
2518,0.380291043419,0.208207088952
2519,0.305501018269,0.246608505268
2520,0.453821458331,0.180563606729
2521,0.539586258948,0.156351076342
2522,0.368132109415,0.213614913373
2523,0.0676866364515,0.596350443399
2524,0.339810652905,0.227370572631
2525,0.276393274677,0.265679561055
2526,0.393713666493,0.202546550332
2527,0.21237319669,0.320129899299
2528,0.276124869004,0.265869152084
2529,0.1955839737,0.338313335288
2530,0.456401073641,0.179726468437
2531,0.520644559805,0.161122817272
2532,0.31471072164,0.241131937956
2533,0.21111415037,0.321425431409
2534,0.29587204505,0.252606874495
2535,0.314137054577,0.241465956486
2536,0.155752355671,0.391003241153
2537,0.436675430951,0.18633236074
2538,0.406625854602,0.197384320385
2539,0.509488626997,0.164071970453
2540,0.262660043847,0.275740329536
2541,0.421929188197,0.19159687226
2542,0.277303747261,0.265038449064
2543,0.388319745349,0.204783855153
2544,0.353096969674,0.220703307886
2545,0.462855207391,0.177665585548
2546,0.288363092891,0.257490997035
2547,0.490026091295,0.16948403041
2548,0.361394171442,0.216734424034
2549,0.335745712616,0.229491644105
2550,0.529208655414,0.158929790841
2551,0.472916258869,0.174545578786
2552,0.211543841518,0.320982111259
2553,0.403310648592,0.198684451203
2554,0.398879185898,0.200449332878
2555,0.332385918227,0.231274876874
2556,0.472423313585,0.17469588961
2557,0.380547830122,0.208095830908
2558,0.309621487896,0.244127817888
2559,0.375118055572,0.210474004992
2560,0.436762201922,0.186302238947
2561,0.228304203116,0.304595552086
2562,0.369912558218,0.212805549141
2563,0.397591329136,0.200968132169
2564,0.410997428965,0.195695700862
2565,0.371206278017,0.212221281136
2566,0.453397297444,0.180702002814
2567,0.338378283822,0.2281134894
2568,0.311509462855,0.243007777528
2569,0.351499920564,0.221483981382
2570,0.6,0.14285714285714285
2571,0.419401351378,0.192529341201
2572,0.6,0.14285714285714285
2573,0.198146398947,0.335405694495
2574,0.374222149741,0.210871634854
2575,0.487420704346,0.170235742901
2576,0.281221864972,0.262314439932
2577,0.414023979448,0.194543453221
2578,0.531427301182,0.15837135932
2579,0.4180309735,0.19303865042
2580,0.307969137597,0.245116580604
2581,0.418450139138,0.192882579155
2582,0.303852372837,0.247615234491
2583,0.194221249214,0.339880278081
2584,0.342599384582,0.225937955369
2585,0.424232166615,0.190755177512
2586,0.30751663487,0.245388755803
2587,0.367978296955,0.213685123115
2588,0.262712867638,0.275700172016
2589,0.357614508097,0.218524540264
2590,0.39385005972,0.202490610321
2591,0.379118611646,0.208716584097
2592,0.398743776071,0.20050375523
2593,0.390199907371,0.203998406561
2594,0.426084543103,0.190083516634
2595,0.306795021588,0.245824050672
2596,0.5599999999999999,0.15151515151515152
2597,0.445815498366,0.183212093279
2598,0.3886291057,0.204654202612
2599,0.45725475835,0.179451137028
2600,0.31748907597,0.239527225395
2601,0.452906628796,0.180862364081
2602,0.518319757964,0.161728618101
2603,0.328314182754,0.233473473507
2604,0.389470992006,0.204302198972
2605,0.317991672584,0.239239215896
2606,0.384462368589,0.206414381144
2607,0.347384008353,0.223521623779
2608,0.357973490749,0.218353249741
2609,0.369976450606,0.212776618639
2610,0.357204572345,0.218720472298
2611,0.409157402459,0.196402918856
2612,0.460203844087,0.17850645092
2613,0.39413137682,0.202375329095
2614,0.371305903122,0.212176421593
2615,0.340970056811,0.22677276712
2616,0.313871562509,0.241620853083
2617,0.45377917675,0.180577392937
2618,0.461606179435,0.178060718813
2619,0.421628436592,0.191707339909
2620,0.393284678851,0.202722696016
2621,0.207871077227,0.324811284323
2622,0.382547127951,0.207233644566
2623,0.4,0.2
2624,0.322947802396,0.236435795229
2625,0.456326697893,0.179750496208
2626,0.229421795764,0.30356218467
2627,0.258774534147,0.278726583083
2628,0.492178536655,0.168867991341
2629,0.284766598339,0.259897819695
2630,0.364147004352,0.215448982892
2631,0.363024596024,0.215971248307
2632,0.33496760341,0.229902179417
2633,0.360596885627,0.217109587842
2634,0.369582423295,0.212955159817
2635,0.414748904829,0.194269475975
2636,0.432045290461,0.187953923835
2637,0.307864468732,0.245179484035
2638,0.478190640145,0.172953335901
2639,0.201310535668,0.331883516049
2640,0.262828194326,0.275612539388
2641,0.308356309458,0.244884180026
2642,0.216088999044,0.31636659391
2643,0.287419544541,0.258118108415
2644,0.132410223422,0.430273670958
2645,0.0603854494279,0.623497956683
2646,0.391482673933,0.203465972055
2647,0.443912593666,0.183853069711
2648,0.275154053481,0.26655716251
2649,0.398208250002,0.20071927753
2650,0.421982985647,0.191577125595
2651,0.405896741625,0.197668796361
2652,0.289764610966,0.256565109265
2653,0.302090080595,0.248700489831
2654,0.262039927649,0.276212628395
2655,0.578767957231,0.147325752394
2656,0.501035523258,0.166379516901
2657,0.357477418667,0.218590024162
2658,0.43178812305,0.18804481647
2659,0.535962431517,0.157241992678
2660,0.401205041083,0.199519142473
2661,0.277775306907,0.264707613684
2662,0.298683289129,0.25082566219
2663,0.315739986595,0.240534957484
2664,0.272231089,0.268650316846
2665,0.478681416151,0.172806655284
2666,0.223167021159,0.309437515132
2667,0.307817735473,0.245207580009
2668,0.450057937506,0.181799030941
2669,0.405953381064,0.197646668137
2670,0.57921404194,0.147228993845
2671,0.36624943536,0.214477471534
2672,0.383059724985,0.207013739353
2673,0.375882753865,0.210135793298
2674,0.344754750694,0.224843017065
2675,0.319538494754,0.238357150179
2676,0.44800163666,0.182481206825
2677,0.406611968434,0.197389730663
2678,0.343608477231,0.225424005926
2679,0.476051968619,0.173595448757
2680,0.317668799614,0.239424156395
2681,0.421779422363,0.191651866122
2682,0.33528188325,0.229736186706
2683,0.305872961151,0.246382512687
2684,0.329500784793,0.23282844535
2685,0.264069811412,0.27467259538
2686,0.307004365188,0.245697610525
2687,0.457509085775,0.179369274065
2688,0.584216270395,0.146152619174
2689,0.18917262921,0.345814195047
2690,0.413088304873,0.194898225218
2691,0.46683145465,0.176419285097
2692,0.41237803736,0.195168396591
2693,0.41859653961,0.192828128154
2694,0.409905038808,0.196114947665
2695,0.348597269787,0.222917094541
2696,0.389168627633,0.204428482022
2697,0.264727120024,0.27417758239
2698,0.360133315679,0.217328318973
2699,0.373762975343,0.211076013121
2700,0.335141002557,0.229810565799
2701,0.447295146296,0.182716767501
2702,0.268651555292,0.271258858303
2703,0.356867585584,0.218881801107
2704,0.378055736168,0.209180629861
2705,0.355197799929,0.219684717315
2706,0.461803051004,0.177998321336
2707,0.52092791531,0.161049290158
2708,0.439947112174,0.185203324076
2709,0.206301023287,0.326476219135
2710,0.557486953246,0.152094272755
2711,0.298971895907,0.250644220873
2712,0.431259280619,0.188232005817
2713,0.414002250606,0.194551677317
2714,0.376097266804,0.210041113387
2715,0.363641664158,0.215683808705
2716,0.16087697863,0.383322440045
2717,0.4,0.2
2718,0.285502696717,0.259401557632
2719,0.329066133726,0.233064304404
2720,0.376191577072,0.209999514512
2721,0.444585659054,0.18362584166
2722,0.341554126005,0.226472801658
2723,0.482418271586,0.171697910039
2724,0.432981562799,0.187623750951
2725,0.342275973422,0.226103170892
2726,0.374659122805,0.210677505594
2727,0.457496984147,0.179373167647
2728,0.461757679782,0.178012697643
2729,0.297793568432,0.251386668704
2730,0.525767676347,0.159803715947
2731,0.471703197555,0.17491593615
2732,0.471012186879,0.175127610755
2733,0.432122122524,0.187926785539
2734,0.379710434575,0.208459088634
2735,0.8,0.1111111111111111
2736,0.533674800937,0.157809652289
2737,0.32518460728,0.2351919573
2738,0.348853353109,0.222789914138
2739,0.496048062597,0.167771705463
2740,0.300586477122,0.249633988442
2741,0.224352339913,0.308306701369
2742,0.414360625965,0.194416125481
2743,0.373886224255,0.211021116213
2744,0.507401470852,0.164635755425
2745,0.260747812177,0.277201958333
2746,0.385558623176,0.20594835562
2747,0.244145354089,0.290574894624
2748,0.43875306795,0.185613792197
2749,0.269350963902,0.270745198398
2750,0.74424728736,0.118448707502
2751,0.347643306958,0.22339214827
2752,0.34363859133,0.225408704189
2753,0.42093690376,0.191961827389
2754,0.35221820837,0.221132183864
2755,0.470088195738,0.175411455188
2756,0.331600043873,0.231695991276
2757,0.369473325763,0.213004646936
2758,0.329872780027,0.232626964642
2759,0.535402596994,0.157380533969
2760,0.591511210816,0.144610815321
2761,0.395671713539,0.201746432707
2762,0.5679565133,0.149710344923
2763,0.499715661383,0.166745687063
2764,0.428868626244,0.189082874343
2765,0.299484319539,0.250322716334
2766,0.287861201108,0.257824189979
2767,0.484161270059,0.171185604259
2768,0.305915088311,0.246356942325
2769,0.258450262673,0.278978732654
2770,0.437721154373,0.185969994275
2771,0.435473889535,0.186750468985
2772,0.192946306628,0.341359483761
2773,0.371226153203,0.212212330153
2774,0.113989764341,0.467312071248
2775,0.416935129912,0.193447870368
2776,0.391332412428,0.203528196941
2777,0.295599697148,0.252780779967
2778,0.389816677008,0.204158013996
2779,0.337456913695,0.228593941184
2780,0.383160052197,0.206970753367
2781,0.446452472308,0.182998531561
2782,0.09588777313,0.510496384752
2783,0.322165248537,0.236874068499
2784,0.402134676652,0.199149759317
2785,0.323553428776,0.236097722757
2786,0.42523734577,0.190390117545
2787,0.359436244947,0.21765805615
2788,0.25122080104,0.284721177401
2789,0.382829474665,0.207112459465
2790,0.416821371463,0.193490450515
2791,0.294352130995,0.253580473238
2792,0.463071413384,0.177597366201
2793,0.225155551462,0.307545110488
2794,0.385776364934,0.205856042448
2795,0.327856557711,0.233723191097
2796,0.365516542886,0.214815137138
2797,0.380731721466,0.208016229291
2798,0.395098470877,0.201980021919
2799,0.485734656551,0.170725769564
2800,0.442686999675,0.184268279985
2801,0.353818205206,0.220352552747
2802,0.279928734528,0.263207256814
2803,0.13398299929,0.427381477729
2804,0.352820124718,0.220838241371
2805,0.253125611061,0.283185350673
2806,0.246747193018,0.288394547998
2807,0.383463984775,0.206840639942
2808,0.33144882434,0.23177719896
2809,0.364892182669,0.215103638495
2810,0.336258405351,0.229221944548
2811,0.160231095949,0.384273830286
2812,0.465907617783,0.176707287298
2813,0.331484653959,0.231757952647
2814,0.337502448938,0.228570149134
2815,0.471418624237,0.17500304638
2816,0.691811950055,0.126292612776
2817,0.377240707643,0.209537867157
2818,0.493006049267,0.168632343841
2819,0.324430966926,0.235609575626
2820,0.396289873372,0.201495145006
2821,0.398812640298,0.200476074424
2822,0.326981960971,0.234201931558
2823,0.262271090745,0.276036378709
2824,0.310469138582,0.243623674962
2825,0.399956971723,0.200017212792
2826,0.425821233736,0.19017870254
2827,0.295362006835,0.252932750925
2828,0.294656450432,0.253384937432
2829,0.332985917205,0.230954393726
2830,0.373131973111,0.211357519008
2831,0.251043276992,0.284865162088
2832,0.506458348057,0.16489178576
2833,0.537195016441,0.15693782503
2834,0.489044263462,0.16976652894
2835,0.38975702728,0.204182879326
2836,0.390255215556,0.203975392463
2837,0.392944377284,0.202862644567
2838,0.448775675936,0.182223820014
2839,0.33885135755,0.227867587236
2840,0.463751274293,0.177383191063
2841,0.447212063329,0.182744509307
2842,0.230857300255,0.302245106646
2843,0.448555485645,0.182296964695
2844,0.364308819732,0.215373897179
2845,0.40311210145,0.198762859633
2846,0.314444386304,0.24128689712
2847,0.371208254203,0.212220391108
2848,0.379329985116,0.208624544896
2849,0.447266479012,0.182726338694
2850,0.491774784139,0.168983205571
2851,0.506878694155,0.164777575755
2852,0.472056589397,0.174807880642
2853,0.358260966843,0.218216272464
2854,0.269705458006,0.270485592881
2855,0.275023417128,0.266650015527
2856,0.275477152904,0.266327789125
2857,0.574510101931,0.148255748452
2858,0.322815297134,0.236509891382
2859,0.464997103314,0.176992057859
2860,0.441360172066,0.184719905822
2861,0.377010310572,0.209639074426
2862,0.538609890236,0.156590121025
2863,0.292117542426,0.255025570601
2864,0.6501751736,0.133302198632
2865,0.473140754808,0.174477210286
2866,0.261793848395,0.27640049836
2867,0.21874764022,0.313727812795
2868,0.299651410302,0.250218058593
2869,0.334562827393,0.23011632311
2870,0.396173356309,0.201542462384
2871,0.442933611589,0.184184581439
2872,0.4260868897,0.190082668772
2873,0.217744263898,0.314718505925
2874,0.393297316789,0.2027175024
2875,0.435637125898,0.186693556449
2876,0.375202772798,0.210436482538
2877,0.41244580062,0.195142588502
2878,0.352388339399,0.221049022026
2879,0.558856728171,0.151778066041
2880,0.506046604044,0.165003812137
2881,0.42211464916,0.191528814909
2882,0.29341364285,0.254185389392
2883,0.288944197333,0.257106291046
2884,0.366299035428,0.214454657639
2885,0.519336293087,0.161463168098
2886,0.24779836987,0.28752291173
2887,0.491367338711,0.169099633094
2888,0.476348836223,0.173506032658
2889,0.279638162081,0.263408713845
2890,0.36547307479,0.2148351976
2891,0.357783573129,0.218443836498
2892,0.422014228482,0.191565659601
2893,0.339030630836,0.227774540035
2894,0.308980402555,0.244510493352
2895,0.25,0.285714285714
2896,0.283613515653,0.260679032202
2897,0.424623831838,0.190612766579
2898,0.270730996763,0.269737359091
2899,0.248378713639,0.28704394409
2900,0.223012426606,0.309585612699
2901,0.580673119203,0.146913396723
2902,0.506047147787,0.165003664096
2903,0.389644099404,0.204229970547
2904,0.257396639132,0.279801176202
2905,0.332864443561,0.231019205868
2906,0.451209800579,0.181419125522
2907,0.362623722142,0.216158392261
2908,0.38449440326,0.206400733068
2909,0.0688023708441,0.592408741062
2910,0.613254533935,0.140202403549
2911,0.455836921613,0.179908883544
2912,0.231763771791,0.301419288369
2913,0.120779091689,0.452941441307
2914,0.3666666666666667,0.21428571428571427
2915,0.417390986865,0.193277429524
2916,0.386340015651,0.205617462643
2917,0.263366092619,0.275204544483
2918,0.0753636141484,0.570243721798
2919,0.404298596938,0.19829521757
2920,0.203130345036,0.329891090211
2921,0.446143294203,0.183102129169
2922,0.237441920002,0.296347294371
2923,0.475214540889,0.173848178187
2924,0.458583051179,0.1790244079
2925,0.387145189601,0.205277609498
2926,0.440384953181,0.185053265105
2927,0.385293524086,0.206060858093
2928,0.347240472024,0.223593360295
2929,0.424297188757,0.19073152049
2930,0.337792770345,0.228418573293
2931,0.347126807395,0.223650200226
2932,0.273919091673,0.267437534555
2933,0.253225334348,0.283105401215
2934,0.39728565491,0.201091664343
2935,0.43878907366,0.185601388166
2936,0.542278896098,0.155695602966
2937,0.384265534481,0.206498280137
2938,0.344930654276,0.224754125253
2939,0.297890763822,0.251325260832
2940,0.276942894399,0.265292174188
2941,0.130747190589,0.433374723848
2942,0.24838699101,0.287037124176
2943,0.369235507491,0.213112602102
2944,0.33726048716,0.228696630353
2945,0.358185289059,0.218252314921
2946,0.387636444008,0.205070808855
2947,0.356052059534,0.219273212146
2948,0.386075620397,0.205729305902
2949,0.307969119223,0.245116591644
2950,0.303641144913,0.247744813085
2951,0.25670776716,0.280341526612
2952,0.339773357798,0.227389854858
2953,0.348665127622,0.222883379705
2954,0.401316935172,0.199474609741
2955,0.135329778765,0.424935596866
2956,0.498860815057,0.166983708878
2957,0.230611257168,0.302470039455
2958,0.573779059258,0.148416604265
2959,0.259962576096,0.277806657249
2960,0.0761956027732,0.567551053636
2961,0.167567783473,0.373737072162
2962,0.304725705275,0.247080920971
2963,0.415495806144,0.193987999142
2964,0.411335551428,0.195566296379
2965,0.400960703734,0.199616455452
2966,0.430830944887,0.188383893146
2967,0.327216578139,0.234073313437
2968,0.315536320982,0.240652850186
2969,0.617200659995,0.139430992716
2970,0.201067284687,0.332151665379
2971,0.315186253821,0.240855758301
2972,0.149586448674,0.400662778493
2973,0.461276557425,0.178165288889
2974,0.506466611756,0.164889538948
2975,0.360914236593,0.216960102468
2976,0.499662748234,0.166760400399
2977,0.488118477732,0.170033766641
2978,0.317539151309,0.239498498971
2979,0.427637780371,0.189523957002
2980,0.365861399742,0.21465611887
2981,0.392374061788,0.203097619799
2982,0.366875304659,0.214189953939
2983,0.295003230762,0.253162486309
2984,0.0946749646868,0.513676733734
2985,0.34712180308,0.223652703382
2986,0.478798989224,0.17277155258
2987,0.242721905527,0.291781757709
2988,0.424726250816,0.190575561723
2989,0.353130640563,0.220686908031
2990,0.18431807883,0.351718752502
2991,0.411888616244,0.195354998776
2992,0.433518699902,0.187434854708
2993,0.150659750415,0.398947177736
2994,0.39376437533,0.202525749115
2995,0.399345904406,0.200261980959
2996,0.428243689444,0.189306568158
2997,0.305436348475,0.246647840965
2998,0.368045450715,0.213654464213
2999,0.320357276367,0.237892872616
3000,0.401641980578,0.199345357589
3001,0.137117177097,0.421732416117
3002,0.477281702911,0.173225653084
3003,0.393370723502,0.20268734085
3004,0.247125171661,0.288080520123
3005,0.423506197139,0.191019706255
3006,0.436165080105,0.186509721932
3007,0.257089499018,0.280041839021
3008,0.340859065408,0.226829859804
3009,0.308747515799,0.244649804916
3010,0.371890151419,0.21191372547
3011,0.427367697144,0.189621018772
3012,0.365345797983,0.214893957211
3013,0.291326431769,0.255541133646
3014,0.401614289372,0.199356362286
3015,0.349985153145,0.222229554245
3016,0.403647980606,0.198551376856
3017,0.167839475507,0.373357959318
3018,0.361318525473,0.216769963655
3019,0.348518726381,0.22295613119
3020,0.453338413773,0.180721232271
3021,0.378257587513,0.209092343982
3022,0.247615935843,0.287673808042
3023,0.408954305141,0.196481293094
3024,0.442710796517,0.184260200169
3025,0.267426783577,0.272163066139
3026,0.405350134441,0.197882602942
3027,0.360081335693,0.217352872725
3028,0.434953921385,0.186931987976
3029,0.423390808165,0.191061819275
3030,0.486443187555,0.1705195015
3031,0.385678056911,0.205897710586
3032,0.414486395575,0.19436859917
3033,0.205431461737,0.327405694984
3034,0.42038233536,0.192166399981
3035,0.176322076896,0.361896527137
3036,0.39999999999999997,0.2
3037,0.428752678883,0.18912433732
3038,0.501244319742,0.166321737631
3039,0.324097531613,0.235794817338
3040,0.366921635275,0.214168700795
3041,0.377165729091,0.209570792501
3042,0.339512979159,0.227524566376
3043,0.379420888666,0.208584987355
3044,0.328656022564,0.233287285693
3045,0.458719790844,0.17898059392
3046,0.419666869793,0.192430970325
3047,0.337375426154,0.228636530587
3048,0.471546158055,0.174963996504
3049,0.315666569546,0.240577441937
3050,0.266905861392,0.272549475281
3051,0.389709674209,0.204202623037
3052,0.236521842024,0.297157531881
3053,0.376097093191,0.21004118998
3054,0.339267859183,0.227651529493
3055,0.369516996765,0.212984834817
3056,0.249490753159,0.286130603159
3057,0.29050865189,0.256076272615
3058,0.140584814364,0.415653831953
3059,0.380019125565,0.208325032638
3060,0.36460252948,0.21523774335
3061,0.396996904775,0.201208496551
3062,0.418754696743,0.192769339011
3063,0.435186669909,0.186850692707
3064,0.184454866091,0.351549619714
3065,0.340139016064,0.227200944134
3066,0.265848106779,0.273337481176
3067,0.511671285644,0.163486503857
3068,0.467999892119,0.176056371467
3069,0.381792244257,0.207558343232
3070,0.288698458213,0.257268836259
3071,0.320082259865,0.23804861465
3072,0.45751540239,0.179367241822
3073,0.385911524523,0.205798782192
3074,0.46610464948,0.176645784647
3075,0.397659487335,0.200940608076
3076,0.326841348901,0.234279083452
3077,0.542883091101,0.155549276975
3078,0.440440894152,0.185034110265
3079,0.389534856404,0.204275545841
3080,0.369572676829,0.212959579921
3081,0.356894958662,0.218868687658
3082,0.354501858503,0.220021102509
3083,0.376201705104,0.209995048166
3084,0.375563264292,0.210276965251
3085,0.321098855572,0.237473929641
3086,0.4333333333333333,0.1875
3087,0.4308584733,0.188374124234
3088,0.136315762362,0.423162632067
3089,0.340417433597,0.22705731511
3090,0.362096698896,0.216404921825
3091,0.398960133621,0.200416813412
3092,0.439253832161,0.18544142672
3093,0.31536399818,0.240752690263
3094,0.319497255262,0.238380582341
3095,0.224806852584,0.307875277891
3096,0.404293198694,0.198297340236
3097,0.0815160435207,0.550915489675
3098,0.342039760763,0.226223993578
3099,0.355707393362,0.219439055536
3100,0.400450365463,0.199820015932
3101,0.171358210763,0.368516580792
3102,0.565912381359,0.150169906431
3103,0.18298728722,0.353372764489
3104,0.450923126941,0.181513527223
3105,0.198143556462,0.335408892235
3106,0.459967625796,0.178581752575
3107,0.370285538375,0.212636774555
3108,0.326006689927,0.234738097698
3109,0.421524963825,0.191745375459
3110,0.385572389433,0.205942516865
3111,0.330530246261,0.232271718116
3112,0.422620451777,0.191343449457
3113,0.196378692947,0.337406171158
3114,0.48126667473,0.172038075375
3115,0.315103349687,0.240903861834
3116,0.311307354413,0.243127186828
3117,0.248677830896,0.286797700167
3118,0.255883584964,0.28099076278
3119,0.386062534009,0.205734844805
3120,0.329859874954,0.232633948471
3121,0.191724519044,0.342789150284
3122,0.323605919139,0.236068467134
3123,0.23485762186,0.298634385099
3124,0.291766301797,0.255254215438
3125,0.355661758382,0.219461032576
3126,0.0730961878715,0.577713473819
3127,0.366242177906,0.214480810057
3128,0.294762366186,0.253316953605
3129,0.31366220228,0.241743140777
3130,0.51975271658,0.161354677962
3131,0.517687749783,0.161894096224
3132,0.337170707604,0.228743596633
3133,0.4065835364,0.197400809175
3134,0.38692727228,0.20536947855
3135,0.196426864084,0.337351340638
3136,0.434274650581,0.187169651211
3137,0.673613395938,0.12926353205
3138,0.344096349799,0.225176361042
3139,0.363793527807,0.215613185619
3140,0.363373955589,0.215808417357
3141,0.335190895641,0.229784218837
3142,0.379483227114,0.208557868858
3143,0.379331659692,0.208623816053
3144,0.302165108214,0.248654092455
3145,0.301409931525,0.249121887992
3146,0.362528286044,0.216202993454
3147,0.369055295415,0.213194480432
3148,0.7,0.125
3149,0.375335429869,0.210377753721
3150,0.123653631505,0.447119947604
3151,0.220947684071,0.311577259981
3152,0.190660569653,0.3440439139
3153,0.436693276819,0.186326164905
3154,0.341115232978,0.226698133558
3155,0.464436949588,0.177167706815
3156,0.490524439274,0.169341001573
3157,0.443589707804,0.183962276262
3158,0.19062611803,0.344084697816
3159,0.211545775632,0.320980118563
3160,0.306187740488,0.246191576043
3161,0.442444494866,0.184350658817
3162,0.238185386763,0.295695804473
3163,0.316600861379,0.240037909833
3164,0.384600084091,0.206355721517
3165,0.286490647347,0.258738473199
3166,0.135212492078,0.425147487349
3167,0.229982983791,0.303045929372
3168,0.0871639581067,0.534290902007
3169,0.436778130227,0.186296710631
3170,0.215280847441,0.31717752858
3171,0.379120884757,0.208715593875
3172,0.462220607693,0.177866123425
3173,0.398070869001,0.200774641168
3174,0.566072433822,0.150133821672
3175,0.259877586536,0.27787226474
3176,0.376578015464,0.209829234155
3177,0.372469898077,0.211653695626
3178,0.363611430696,0.215697874079
3179,0.242903397249,0.29162732362
3180,0.348850393462,0.222791383179
3181,0.517597860622,0.161917659331
3182,0.402955827129,0.198824617603
3183,0.360609651263,0.217103570726
3184,0.178082284533,0.359605791387
3185,0.512382484706,0.163296636493
3186,0.486724764611,0.170437666912
3187,0.556204354623,0.152391551954
3188,0.294231765942,0.253657895277
3189,0.458084624548,0.179184295
3190,0.320434888792,0.23784895751
3191,0.42414108141,0.190788326935
3192,0.25910741538,0.278468212343
3193,0.271590862853,0.269113183334
3194,0.255016223755,0.281677267992
3195,0.27350502953,0.267734011844
3196,0.450723128109,0.18157944509
3197,0.329953109756,0.232583502086
3198,0.474889778408,0.173946387213
3199,0.259047403928,0.278514755729
3200,0.25969627585,0.278012330719
3201,0.350729563663,0.221862527027
3202,0.43182273282,0.188032578957
3203,0.408711813317,0.196574951441
3204,0.376708647788,0.209771734715
3205,0.421259308324,0.191843096906
3206,0.3016475408,0.248974510838
3207,0.391857145341,0.203311064904
3208,0.0662437931551,0.601526217022
3209,0.521546798483,0.160888931041
3210,0.276190589712,0.265822704594
3211,0.219956536573,0.312542450518
3212,0.253007160863,0.283280372431
3213,0.374529561423,0.210735027129
3214,0.33632298161,0.22918801946
3215,0.372846838732,0.21148497105
3216,0.453001644283,0.18083128872
3217,0.229867739162,0.303151803368
3218,0.143874778665,0.410046502338
3219,0.366182542593,0.214508247014
3220,0.226018000835,0.306731529375
3221,0.247912852957,0.287428300363
3222,0.143832737908,0.410117201069
3223,0.30085482225,0.249466875411
3224,0.531758296131,0.158288384359
3225,0.168163691144,0.37290656156
3226,0.339892366638,0.227328336621
3227,0.362125698412,0.216391341887
3228,0.108075165174,0.480595557459
3229,0.249670452934,0.285983557264
3230,0.239400182941,0.294637436944
3231,0.185342090069,0.350456534386
3232,0.0956560351005,0.511101024554
3233,0.335811210139,0.229457154092
3234,0.403979340892,0.198420831741
3235,0.120407406472,0.453705261546
3236,0.225912267195,0.306831040331
3237,0.254626626459,0.2819867222
3238,0.386168148432,0.205690151283
3239,0.498259288642,0.167151604494
3240,0.355355796745,0.219608492337
3241,0.171009327749,0.368990989464
3242,0.316558413226,0.240062370186
3243,0.331357493752,0.231826272751
3244,0.402905641766,0.198844458473
3245,0.323711162761,0.236009831198
3246,0.413128805197,0.194882842256
3247,0.493216016619,0.168572656837
3248,0.186642805814,0.34886624737
3249,0.585744290297,0.14582695243
3250,0.216309678035,0.31614587521
3251,0.382939342312,0.207065341832
3252,0.336116837272,0.229296352385
3253,0.394664255719,0.202157319523
3254,0.211959498379,0.320554432609
3255,0.159093860627,0.385960515459
3256,0.356579762207,0.219019782035
3257,0.184908346019,0.350990068902
3258,0.478393151332,0.17289278023
3259,0.471825326369,0.174878578105
3260,0.362307521594,0.21630623628
3261,0.250437225147,0.285357812539
3262,0.241239871504,0.293048990903
3263,0.212687600307,0.31980801254
3264,0.361068769928,0.216887385401
3265,0.376563321033,0.209835704064
3266,0.301575572747,0.249019130611
3267,0.493148863734,0.168591741659
3268,0.463404799112,0.177492275816
3269,0.138983798014,0.418438408089
3270,0.40177698331,0.199291723866
3271,0.416266611937,0.193698367641
3272,0.473576972563,0.174344516575
3273,0.383477502355,0.206834856871
3274,0.172103419872,0.367507325145
3275,0.505235658048,0.16522489822
3276,0.391473602086,0.203469727724
3277,0.426623437849,0.189889003817
3278,0.0855790320145,0.53885397997
3279,0.434399524841,0.187125914885
3280,0.381623108991,0.207631233081
3281,0.369266340817,0.213098599456
3282,0.300714278144,0.249554371916
3283,0.37591849553,0.210120012017
3284,0.333527108514,0.230666083011
3285,0.255430248424,0.281349154844
3286,0.331867224436,0.231552649384
3287,0.492822481836,0.168684560832
3288,0.301515654985,0.249056291475
3289,0.305506734353,0.246605029037
3290,0.464921785976,0.177015655056
3291,0.463536460678,0.177450807495
3292,0.29998086279,0.250011961329
3293,0.433745583971,0.187355180077
3294,0.464106896603,0.177271365768
3295,0.449056184932,0.182130723129
3296,0.39837225533,0.200653224433
3297,0.366277129496,0.214464732825
3298,0.333174202085,0.230854006353
3299,0.277823935326,0.264673544077
3300,0.336830141022,0.22892193237
3301,0.240257027893,0.293895472546
3302,0.553818239976,0.152947706084
3303,0.433110916883,0.187578225906
3304,0.277678208507,0.264775668142
3305,0.129334324975,0.436044626163
3306,0.367777342511,0.21377692101
3307,0.262839207978,0.275604173422
3308,0.0,1.0
3309,0.395526643809,0.201805495727
3310,0.312420378897,0.242471044393
3311,0.327090830507,0.234142231247
3312,0.428733322584,0.189131260937
3313,0.378692034609,0.208902577795
3314,0.407220385221,0.197152959372
3315,0.494589908244,0.168183143732
3316,0.491061632846,0.169187093939
3317,0.421879076917,0.191615269558
3318,0.342033159092,0.226227372185
3319,0.317875736329,0.239305590888
3320,0.444801077043,0.183553234775
3321,0.3606488578,0.217085092705
3322,0.418731744725,0.192777868362
3323,0.394570349096,0.202195704176
3324,0.30742734919,0.245442531531
3325,0.459446873194,0.17874798268
3326,0.334348842341,0.230229691556
3327,0.269037383206,0.270975257659
3328,0.332928002236,0.230985289664
3329,0.186578775749,0.348944194275
3330,0.356469599542,0.219072639449
3331,0.672022347796,0.129529929134
3332,0.168142139416,0.372936533652
3333,0.454153596205,0.180455384003
3334,0.361251381038,0.216801518892
3335,0.340971053475,0.226772254577
3336,0.236049835351,0.297574911458
3337,0.384255500466,0.206502558884
3338,0.336180551632,0.229262858295
3339,0.194467626443,0.339595904677
3340,0.0430421320793,0.699094725074
3341,0.25592441991,0.280958524917
3342,0.491298734946,0.169119252401
3343,0.188572024668,0.346533937637
3344,0.339839644502,0.227355585723
3345,0.315560824478,0.240638660118
3346,0.376252944706,0.209972454998
3347,0.288486612333,0.25740912769
3348,0.347612383132,0.223407581578
3349,0.51053241935,0.16379146599
3350,0.412109425516,0.195270766398
3351,0.35822964883,0.218231186601
3352,0.14490672649,0.408318715591
3353,0.3859688426,0.205774509051
3354,0.361327748379,0.21676562997
3355,0.26218244619,0.276103938918
3356,0.4405293248,0.185003838667
3357,0.348062823286,0.223182988641
3358,0.356185770899,0.219208941574
3359,0.164228994403,0.378459601778
3360,0.31092886246,0.243351122628
3361,0.355201681339,0.21968284411
3362,0.407875415062,0.196898682303
3363,0.196640578916,0.337108295721
3364,0.478925001331,0.172733946142
3365,0.414005989402,0.19455026218
3366,0.269886659761,0.270353086171
3367,0.414418465215,0.194394266073
3368,0.455621928854,0.17997849762
3369,0.323131752856,0.236333008159
3370,0.267901610858,0.271811802527
3371,0.413559907212,0.194719250073
3372,0.342691138466,0.225891126591
3373,0.42127403207,0.191837678165
3374,0.491035568332,0.169194555045
3375,0.446850258567,0.182865415959
3376,0.379376706338,0.20860421184
3377,0.292111697415,0.255029372139
3378,0.0760013956988,0.568177312475
3379,0.340433892726,0.227048829919
3380,0.292604140183,0.25470948919
3381,0.16100397629,0.383135925442
3382,0.52275317586,0.16057726219
3383,0.335868592217,0.22942694607
3384,0.4,0.2
3385,0.0675397117743,0.596873415508
3386,0.27661231498,0.265525040001
3387,0.180976805209,0.355901263543
3388,0.336458447851,0.229116884992
3389,0.185557909741,0.350191665468
3390,0.257585767595,0.279653188304
3391,0.414768220855,0.194262186259
3392,0.130967835433,0.432960718589
3393,0.282140795054,0.261683655067
3394,0.459920163479,0.178596890276
3395,0.436237054035,0.18648468853
3396,0.318715510113,0.238825640763
3397,0.342926952711,0.225770862188
3398,0.346482559108,0.223972914418
3399,0.413372147426,0.194790466334
3400,0.334123325787,0.230349290306
3401,0.407495459094,0.197046098065
3402,0.345183838003,0.224626303706
3403,0.205755061331,0.327059181178
3404,0.329949948757,0.232585212044
3405,0.263446524015,0.275143641203
3406,0.357370653315,0.218641050262
3407,0.470644148776,0.175240559663
3408,0.376408647878,0.209903830347
3409,0.250236577468,0.285521291702
3410,0.378478184147,0.208995944462
3411,0.421555426115,0.19173417626
3412,0.301640463734,0.248978897869
3413,0.281551256821,0.262087984805
3414,0.30353599347,0.247809369222
3415,0.283974322839,0.26043408127
3416,0.296447862001,0.252239978027
3417,0.300173869814,0.249891378581
3418,0.0892052535676,0.528526550476
3419,0.311676815099,0.24290899155
3420,0.188191790622,0.346991147055
3421,0.428507858023,0.189211945446
3422,0.223503021957,0.309116123228
3423,0.356891723177,0.21887023758
3424,0.328896297985,0.233156593959
3425,0.25233217662,0.28382306992
3426,0.481572863629,0.171947500054
3427,0.343441655001,0.225508810172
3428,0.199764782456,0.333594891237
3429,0.7,0.125
3430,0.310189223323,0.243789925025
3431,0.182608233952,0.353846731928
3432,0.313908354711,0.24159937547
3433,0.453122661694,0.180791724739
3434,0.324360581557,0.235648654343
3435,0.643119762085,0.134567811411
3436,0.330098728407,0.232504756223
3437,0.386867196798,0.205394819486
3438,0.242896751948,0.291632975326
3439,0.170850715729,0.369207073095
3440,0.429201824393,0.188963823235
3441,0.206511955954,0.32625154764
3442,0.376799463356,0.20973177968
3443,0.424906361946,0.190510169527
3444,0.371690376325,0.212003477322
3445,0.436429492938,0.186417788948
3446,0.18180277701,0.354858107011
3447,0.0823188296886,0.548489698902
3448,0.413800612803,0.194628027893
3449,0.370851410802,0.212381226234
3450,0.246932636258,0.288240394673
3451,0.487875755329,0.170103970258
3452,0.367047431859,0.214111015667
3453,0.323439939107,0.236161001277
3454,0.353337577622,0.220586170078
3455,0.390773382437,0.203760031775
3456,0.561396218538,0.151195300483
3457,0.290101237928,0.256343713573
3458,0.105106755846,0.48755098089
3459,0.0,1.0
3460,0.33353482213,0.230661978913
3461,0.479256032492,0.172635232765
3462,0.367027230569,0.214120277051
3463,0.220979594318,0.311546284468
3464,0.412469911055,0.195133407529
3465,0.324576344145,0.235528901643
3466,0.319835339569,0.238188619621
3467,0.310096899184,0.24384480887
3468,0.25107244392,0.284841495628
3469,0.414035079882,0.194539252113
3470,0.294442300346,0.253522504844
3471,0.401336122629,0.199466975321
3472,0.0829561355784,0.546579100416
3473,0.371103933072,0.212267385135
3474,0.16717898317,0.374280936373
3475,0.430117290511,0.188637499267
3476,0.351333091465,0.221565849904
3477,0.22735203203,0.305481531243
3478,0.301644649993,0.248976302813
3479,0.425761335568,0.190200368941
3480,0.371128288672,0.212256411692
3481,0.0,1.0
3482,0.284984075164,0.259751003876
3483,0.422840855415,0.191262788599
3484,0.362924763656,0.216017823739
3485,0.286023383002,0.259051664752
3486,0.361736612456,0.216573685739
3487,0.440651733509,0.184961952033
3488,0.507934411582,0.164491428836
3489,0.367225210895,0.214029546497
3490,0.282810357207,0.261225952008
3491,0.452515297904,0.180990463756
3492,0.247375772453,0.287872695593
3493,0.209574289601,0.323024241222
3494,0.458934266312,0.178911915098
3495,0.351187783008,0.22163720687
3496,0.313635860953,0.241758535562
3497,0.0903160000978,0.525441896365
3498,0.435852295193,0.186618590416
3499,0.157368329805,0.388548195016
3500,0.46930121809,0.175653936479
3501,0.353409896792,0.220550986442
3502,0.426573079694,0.189907163614
3503,0.6666666666666666,0.13043478260869565
3504,0.38078598417,0.207992752061
3505,0.219241554658,0.313242428941
3506,0.299021862405,0.250612834588
3507,0.386872815347,0.205392449214
3508,0.406872237265,0.197288374955
3509,0.289003343092,0.257067199488
3510,0.362178049104,0.216366831341
3511,0.179457455623,0.357836221535
3512,0.314200301929,0.241429085238
3513,0.386662438754,0.205481237172
3514,0.195473243289,0.338440120286
3515,0.289561341458,0.256698982568
3516,0.416768825011,0.193510125147
3517,0.4254253067,0.190322009094
3518,0.313803355088,0.241660679573
3519,0.326539487169,0.234444882615
3520,0.429825058883,0.188741544635
3521,0.378457593632,0.209004938642
3522,0.334224223875,0.230295765417
3523,0.351104870926,0.221677943301
3524,0.136414927864,0.422985134245
3525,0.441388806299,0.184710135925
3526,0.158369354714,0.387042805872
3527,0.255944888382,0.280942368507
3528,0.357219447628,0.218713356395
3529,0.198790141899,0.334683063385
3530,0.37890005854,0.208811834989
3531,0.393280183135,0.202724543614
3532,0.250405426323,0.285383708379
3533,0.359096817655,0.217818978817
3534,0.341828921113,0.226331947099
3535,0.263343854985,0.275221387752
3536,0.474431092506,0.174085284214
3537,0.371115523699,0.212262162823
3538,0.301453625652,0.249094773618
3539,0.456911263794,0.179561819811
3540,0.139490539374,0.417553028446
3541,0.40062364903,0.199750851151
3542,0.398718209258,0.200514034065
3543,0.243762774826,0.290898280218
3544,0.1575,0.388349514563
3545,0.329229337524,0.232975687489
3546,0.428687875691,0.189147518977
3547,0.349492041524,0.222473349386
3548,0.274390337866,0.267100910162
3549,0.363548010475,0.215727384737
3550,0.273865028175,0.267476207893
3551,0.296638372685,0.252118823812
3552,0.420978076739,0.191946656615
3553,0.443857696842,0.183871627782
3554,0.325447375415,0.235046696204
3555,0.383155158787,0.206972849573
3556,0.372644377207,0.211575562563
3557,0.412662614416,0.195060059361
3558,0.359152088643,0.217792758594
3559,0.483860784573,0.17127370538
3560,0.377638034636,0.209363561418
3561,0.314552379901,0.24122404031
3562,0.0889902857942,0.529127725162
3563,0.251463086677,0.284524901165
3564,0.435849362124,0.186619611907
3565,0.0570793549119,0.636620898119
3566,0.394629627647,0.20217147217
3567,0.38368357694,0.206746734368
3568,0.320278999239,0.237937180256
3569,0.506482065083,0.164885337518
3570,0.374215401635,0.210874635567
3571,0.372441815373,0.211666276663
3572,0.387736836275,0.205028598544
3573,0.223983206411,0.308657973689
3574,0.407143045157,0.19718302549
3575,0.262146158576,0.276131604966
3576,0.53303167096,0.157969979367
3577,0.354457315743,0.220042667454
3578,0.0975152635436,0.506289985928
3579,0.354557782159,0.219994033597
3580,0.319026980808,0.238648117138
3581,0.216445391174,0.316010290525
3582,0.511838935814,0.163441706872
3583,0.43646446226,0.186405637344
3584,0.138108247957,0.419977051858
3585,0.380376429325,0.208170080577
3586,0.0,1.0
3587,0.316613379718,0.240030697208
3588,0.400528062125,0.199788997994
3589,0.479138937359,0.172670137594
3590,0.369805592465,0.212854000897
3591,0.153590047296,0.394337242595
3592,0.254580792315,0.282023172624
3593,0.430984442542,0.188329434891
3594,0.301155711536,0.24927976126
3595,0.198048356226,0.335516025876
3596,0.197267210768,0.336397679857
3597,0.414352058193,0.194419363949
3598,0.490203292582,0.169433144913
3599,0.421403093749,0.191790193036
3600,0.315669444317,0.240575778102
3601,0.196152117558,0.337664308547
3602,0.424653195561,0.190602098388
3603,0.239398059707,0.294639280161
3604,0.269207371936,0.270850496499
3605,0.330945571753,0.232047865333
3606,0.36717814663,0.214051108172
3607,0.303049265915,0.248108627051
3608,0.439860028737,0.185233198749
3609,0.410979800344,0.195702452294
3610,0.187155647781,0.348243194145
3611,0.440529452811,0.185003794853
3612,0.41716169909,0.193363120618
3613,0.256627750182,0.280404427163
3614,0.379404409688,0.208592157225
3615,0.7166666666666667,0.12244897959183672
3616,0.332215737866,0.231365938903
3617,0.274257053554,0.267196032914
3618,0.252785791431,0.283458127932
3619,0.383961183478,0.206628141706
3620,0.156204030772,0.390313921677
3621,0.371245488719,0.212203622939
3622,0.104416276568,0.489197835315
3623,0.122162346932,0.45012128014
3624,0.0335083646934,0.74901673936
3625,0.426717170797,0.189855211761
3626,0.0313073781008,0.761571828227
3627,0.359260797512,0.217741206177
3628,0.37146977988,0.212102671831
3629,0.475458320441,0.173774531444
3630,0.0,1.0
3631,0.48913844212,0.169739390355
3632,0.0640801953978,0.6094580748
3633,0.21775598094,0.314706900888
3634,0.309296855647,0.244321446941
3635,0.378444638976,0.209010597786
3636,0.325577591445,0.234974777832
3637,0.219784696916,0.312710398479
3638,0.160777637162,0.383468464123
3639,0.333383197025,0.230742679196
3640,0.508526166805,0.164331470781
3641,0.168253517875,0.372781690963
3642,0.226107050473,0.306647770587
3643,0.31834484028,0.239037249588
3644,0.20918741509,0.32342842923
3645,0.395089145734,0.20198382627
3646,0.495703654174,0.167868703338
3647,0.364607332547,0.215235518243
3648,0.194989092763,0.338995584764
3649,0.323630461424,0.236054790923
3650,0.340134356821,0.227203349273
3651,0.410079438246,0.196047894704
3652,0.373806699035,0.211056534666
3653,0.545975850338,0.154804548727
3654,0.376777853376,0.209741285783
3655,0.389019259411,0.204490923569
3656,0.446287914044,0.183053656193
3657,0.13052694367,0.433788772835
3658,0.391722193256,0.203366863183
3659,0.329078682001,0.233057488509
3660,0.377434625075,0.209452760123
3661,0.384043833147,0.206592860299
3662,0.199291760562,0.334122128227
3663,0.388134276292,0.204861663802
3664,0.393137291187,0.202783285278
3665,0.0687112894113,0.592728562202
3666,0.405719534979,0.197738060493
3667,0.400633513171,0.199746915396
3668,0.241615503771,0.292726761216
3669,0.457782740329,0.17928127346
3670,0.37946742842,0.208564740945
3671,0.399351258148,0.200259833871
3672,0.287873315291,0.257816137532
3673,0.257942785043,0.279374258062
3674,0.200991340383,0.332235471866
3675,0.536405541292,0.157132509873
3676,0.353109515016,0.220697197225
3677,0.654390001911,0.132557430171
3678,0.289686742358,0.256616377029
3679,0.215366367118,0.317091517761
3680,0.644663932749,0.134288765176
3681,0.250271597716,0.285492745207
3682,0.177468849382,0.360400816967
3683,0.371230726153,0.212210270787
3684,0.400681981602,0.199727578932
3685,0.276400599311,0.265674391016
3686,0.405042309269,0.198003213126
3687,0.24537298887,0.289542040699
3688,0.376092877841,0.210043049696
3689,0.412761850463,0.195022308913
3690,0.238276214623,0.295616409541
3691,0.399992628935,0.20000294847
3692,0.247857871896,0.287473730162
3693,0.305760918356,0.24645054631
3694,0.393916399749,0.20246341294
3695,0.207816587224,0.324868782744
3696,0.16972135955,0.370752988072
3697,0.424916799326,0.190506381446
3698,0.341269989457,0.226618628933
3699,0.434807144138,0.186983291259
3700,0.26816731765,0.271615635626
3701,0.411353568123,0.195559405926
3702,0.239037809707,0.2949523538
3703,0.448002033311,0.182481074743
3704,0.164966464337,0.377406251204
3705,0.0916666666667,0.521739130435
3706,0.272095309454,0.268748348768
3707,0.425060433382,0.190454267056
3708,0.532530040116,0.158095258182
3709,0.447665992025,0.182593042943
3710,0.129901254312,0.434969353688
3711,0.320961325968,0.237551513242
3712,0.199594807951,0.333784155619
3713,0.418967538646,0.192690279359
3714,0.337801690543,0.22841391927
3715,0.353306143535,0.220601466418
3716,0.385756546104,0.205864441359
3717,0.349326151906,0.222555485755
3718,0.276471332718,0.265624474719
3719,0.357387821371,0.218632843569
3720,0.434658748078,0.187035189005
3721,0.0,1.0
3722,0.156558025635,0.389775372463
3723,0.379604486898,0.208505138571
3724,0.222925271487,0.309669167543
3725,0.346613187829,0.223907405166
3726,0.452097610949,0.181127391274
3727,0.285038526677,0.259714270317
3728,0.425453946038,0.190311635785
3729,0.169183938874,0.371493189446
3730,0.414082289613,0.194521386985
3731,0.366358147658,0.214427474897
3732,0.266556767541,0.272809040386
3733,0.365821116738,0.214674681776
3734,0.5285714285714286,0.1590909090909091
3735,0.34995524254,0.22224432687
3736,0.487164239912,0.170310099292
3737,0.0,1.0
3738,0.0846256911312,0.541636428751
3739,0.348645601138,0.222893080298
3740,0.524690615997,0.16007924153
3741,0.157120446851,0.388922783951
3742,0.29041719698,0.256136258273
3743,0.293282020884,0.254270459085
3744,0.285632896168,0.259313977085
3745,0.440927576114,0.184867631853
3746,0.264834255493,0.274097068722
3747,0.085,0.540540540541
3748,0.538595177761,0.156593728676
3749,0.268534948323,0.271344686454
3750,0.369890292266,0.212815633023
3751,0.335539405993,0.229600349874
3752,0.443393732866,0.184028622253
3753,0.315696280391,0.24056024727
3754,0.341121111717,0.226695112394
3755,0.111449416803,0.472926345752
3756,0.346767655519,0.223829990297
3757,0.240354786644,0.29381105812
3758,0.263513209703,0.275093166715
3759,0.182281214244,0.354256659508
3760,0.317908493195,0.239286833429
3761,0.272056986113,0.268776030911
3762,0.221967712737,0.310590149397
3763,0.517590836917,0.16191950078
3764,0.4083856391,0.196701071606
3765,0.152671132505,0.395771368928
3766,0.394961279661,0.202036005864
3767,0.486277032316,0.170567827986
3768,0.380690248106,0.208034176674
3769,0.401679823573,0.199330320458
3770,0.309567897461,0.244159761104
3771,0.358563371747,0.218072367226
3772,0.279222591629,0.26369736985
3773,0.516685953587,0.162157090523
3774,0.411929914708,0.195339239077
3775,0.316669865434,0.239998157524
3776,0.375,0.210526315789
3777,0.449820432088,0.181877562498
3778,0.405849569334,0.197687229687
3779,0.284721098481,0.259928557063
3780,0.382721592536,0.207158746462
3781,0.341686452364,0.226404951895
3782,0.183025634484,0.353324885862
3783,0.0977262916375,0.505749635882
3784,0.487982889044,0.17007297638
3785,0.29233025778,0.25488729971
3786,0.455972284436,0.179865081047
3787,0.382858796728,0.207099882362
3788,0.0960416023947,0.510095810167
3789,0.551857956993,0.153407654117
3790,0.316372713409,0.240169436612
3791,0.268701472846,0.271222133256
3792,0.421793639689,0.191646644178
3793,0.297431406001,0.251615746743
3794,0.384023530316,0.206601526035
3795,0.292812827189,0.254574171408
3796,0.547997061538,0.154321687451
3797,0.31259022,0.242371232164
3798,0.345300626523,0.224567391204
3799,0.375333942773,0.210378411894
3800,0.393889309238,0.202474518337
3801,0.352940074399,0.220779757968
3802,0.375213585241,0.210431694518
3803,0.339221096093,0.227675767147
3804,0.204170752702,0.328762706841
3805,0.404117678913,0.198366381865
3806,0.437308832519,0.186112704552
3807,0.571704220792,0.14887505081
3808,0.0834622326112,0.545071312917
3809,0.402172173024,0.199134889131
3810,0.461718550183,0.178025098099
3811,0.379559511809,0.208524693052
3812,0.126555320614,0.441393297358
3813,0.31055255475,0.243574175445
3814,0.35917524121,0.217781777032
3815,0.196392753707,0.337390164737
3816,0.345216321735,0.224609914592
3817,0.332925513714,0.230986617403
3818,0.393787641202,0.202516206677
3819,0.084539629199,0.541889026406
3820,0.376650404769,0.20979736721
3821,0.328200121065,0.233535664939
3822,0.399778653869,0.200088577665
3823,0.298688604679,0.250822318036
3824,0.398810788463,0.200476818691
3825,0.36638108142,0.214416930669
3826,0.254138206825,0.282375632092
3827,0.0,1.0
3828,0.375611878761,0.210255471879
3829,0.321505662507,0.237244736892
3830,0.356213424034,0.21919565434
3831,0.398031742079,0.200790414648
3832,0.288159764363,0.257625877747
3833,0.410767984881,0.195783610093
3834,0.473381040469,0.174404092466
3835,0.481465845945,0.171979146664
3836,0.329558654473,0.232797078952
3837,0.495986008677,0.167789173813
3838,0.253433764223,0.282938445962
3839,0.448410269498,0.18234523597
3840,0.395113217199,0.201974006199
3841,0.390570933912,0.203844119346
3842,0.280182271798,0.263031728247
3843,0.519237930317,0.161488815694
3844,0.317471993969,0.239537026303
3845,0.274050511606,0.267343572318
3846,0.349812186944,0.222315008136
3847,0.372308884814,0.211725849789
3848,0.277637897363,0.264803931751
3849,0.398330818402,0.200669909039
3850,0.477739356201,0.173088433264
3851,0.391981935596,0.203259495451
3852,0.391785627374,0.203340631433
3853,0.385167241483,0.206114493003
3854,0.338717541398,0.227937090642
3855,0.0585835571601,0.63058239953
3856,0.239405757274,0.294632597877
3857,0.0939297959444,0.51565051937
3858,0.334403886339,0.230200518791
3859,0.28023223769,0.262997163543
3860,0.20345977033,0.329532972002
3861,0.380780146475,0.207995277536
3862,0.291227364047,0.25560584251
3863,0.462301122218,0.177840655209
3864,0.320053121393,0.238065127735
3865,0.2857142857142857,0.2592592592592593
3866,0.0441261304061,0.693836708987
3867,0.301558306715,0.249029837829
3868,0.197917768919,0.335663093755
3869,0.326771976559,0.234317165823
3870,0.212734478185,0.319760074363
3871,0.44053888753,0.185000565745
3872,0.376307793514,0.209948275803
3873,0.378120617686,0.209152243808
3874,0.0,1.0
3875,0.481492053653,0.171971395605
3876,0.289818456667,0.256529669875
3877,0.224149846445,0.308499297768
3878,0.395474413117,0.201826769158
3879,0.351191284248,0.221635486968
3880,0.338902925744,0.2278408143
3881,0.419606560521,0.192453305246
3882,0.238225371861,0.295660847233
3883,0.319993488457,0.238098929504
3884,0.328444360644,0.233402535278
3885,0.381867961081,0.207525729197
3886,0.402788380264,0.198890833451
3887,0.322447842103,0.236715613227
3888,0.326558935111,0.234434193657
3889,0.396082928094,0.201579200446
3890,0.456787343703,0.179601783573
3891,0.367403002643,0.213948133483
3892,0.370881567209,0.21236762482
3893,0.39379619249,0.202512699613
3894,0.329521730272,0.232817091551
3895,0.353354090448,0.220578135517
3896,0.4750119691,0.17390942341
3897,0.506932496906,0.164762968715
3898,0.395437146225,0.201841950612
3899,0.189709688554,0.345173130036
3900,0.331143662785,0.231941249824
3901,0.351800151236,0.221336800633
3902,0.385245126867,0.206081410123
3903,0.212189817876,0.320317942079
3904,0.478529398882,0.172852062822
3905,0.257885472131,0.27941899794
3906,0.336643156725,0.229019963922
3907,0.386148058057,0.205698651558
3908,0.4256978027,0.190223355484
3909,0.411321560651,0.195571647463
3910,0.163683715924,0.379242228324
3911,0.232385822528,0.300855190632
3912,0.263113301761,0.275396135353
3913,0.406847127992,0.197298148647
3914,0.357934517905,0.21837183285
3915,0.445630828556,0.183274101767
3916,0.330146971445,0.232478679703
3917,0.235694775687,0.297889652275
3918,0.292140988029,0.255010322952
3919,0.436061177909,0.186545872227
3920,0.302645621386,0.248357351201
3921,0.295830390501,0.252633457157
3922,0.346187322606,0.224121114459
3923,0.371158649682,0.212242734093
3924,0.518546414769,0.16166935514
3925,0.511971488915,0.163406305378
3926,0.16931735446,0.371309157556
3927,0.38080031593,0.207986552186
3928,0.431042446891,0.18830886417
3929,0.434802222305,0.186985012083
3930,0.35402709342,0.220251173221
3931,0.465857374245,0.17672297747
3932,0.295036375853,0.253141244991
3933,0.0475850163527,0.677575559303
3934,0.0551035769461,0.644730456698
3935,0.370385274413,0.212591689068
3936,0.324115033588,0.235785086782
3937,0.406086514372,0.19759467435
3938,0.296833836607,0.251994640515
3939,0.322013007127,0.236959520942
3940,0.325428972182,0.235056863869
3941,0.110772751582,0.474444629343
3942,0.317146446421,0.239723964708
3943,0.278897838955,0.263923384403
3944,0.468305615477,0.175961660903
3945,0.306190473066,0.246189919831
3946,0.426472346736,0.189943499635
3947,0.213422441504,0.319058199918
3948,0.333128374581,0.230878432051
3949,0.17742119992,0.360462718887
3950,0.367085971274,0.214093349298
3951,0.327161925951,0.234103261374
3952,0.454494497088,0.180344440793
3953,0.535958859635,0.157242875832
3954,0.411355663289,0.195558604664
3955,0.14202483082,0.413180745385
3956,0.286341654889,0.258838255556
3957,0.405755072856,0.197724166038
3958,0.599483974461,0.142962531882
3959,0.41428571428571426,0.19444444444444448
3960,0.297096544466,0.251827927978
3961,0.218014447787,0.314451122255
3962,0.4,0.2
3963,0.353976113662,0.220275906574
3964,0.290426687869,0.256130031853
3965,0.360354392942,0.217223950793
3966,0.304746670417,0.247068122628
3967,0.240485155338,0.293698560517
3968,0.465489563835,0.176837923094
3969,0.250839708834,0.285030449752
3970,0.285048699865,0.25970740853
3971,0.479098318893,0.17268224883
3972,0.0570713867514,0.63665319361
3973,0.274616384821,0.266939739029
3974,0.283266742015,0.260914890435
3975,0.336997911683,0.228834045487
3976,0.314984170388,0.240973047012
3977,0.373448371019,0.211216272188
3978,0.448089983168,0.182451792719
3979,0.438576898756,0.185674506707
3980,0.480248902834,0.172339834701
3981,0.279303766892,0.263640935653
3982,0.307088116079,0.245647062762
3983,0.358501610386,0.218101742142
3984,0.198020629963,0.335547240513
3985,0.0,1.0
3986,0.207311209235,0.325403034432
3987,0.365382367701,0.214877070857
3988,0.342809387796,0.225830803854
3989,0.389748372231,0.204186487735
3990,0.37825123548,0.209095121102
3991,0.278389222375,0.264278140303
3992,0.314910702875,0.241015715688
3993,0.327852385187,0.233725470424
3994,0.528668577473,0.159066324584
3995,0.439760956729,0.18526719792
3996,0.284366872968,0.26016810249
3997,0.253774389225,0.282666024013
3998,0.349370805889,0.222533370414
3999,0.428224297788,0.189313517797
4000,0.359333204325,0.217706882625
4001,0.3357107094,0.229510080525
4002,0.398543797463,0.20058418239
4003,0.224864557035,0.30782059118
4004,0.4,0.2
4005,0.346067531684,0.224181301926
4006,0.489210032197,0.169718766714
4007,0.287955255371,0.257761684152
4008,0.334147057312,0.230336698857
4009,0.38,0.20833333333333334
4010,0.242857003158,0.291666785508
4011,0.314129841134,0.241470162416
4012,0.464767717667,0.177063944825
4013,0.187095261858,0.348316441563
4014,0.514373057602,0.162767554278
4015,0.337079761521,0.228791192829
4016,0.253455892664,0.282920732333
4017,0.219854382664,0.31264226917
4018,0.271231982133,0.26937334285
4019,0.426214495578,0.190036574135
4020,0.388152206822,0.20485413894
4021,0.198237465208,0.335303278984
4022,0.376794885327,0.209733793456
4023,0.486331025717,0.170552120925
4024,0.0684555954414,0.593628248073
4025,0.269355317549,0.270742007083
4026,0.289518779471,0.256727031584
4027,0.529916581063,0.158751179134
4028,0.31193416707,0.242757236457
4029,0.51808548108,0.161789919131
4030,0.346255229802,0.224087009679
4031,0.51794424888,0.16182689649
4032,0.413650547997,0.194684889153
4033,0.170393414528,0.369831492289
4034,0.402377030038,0.199053686815
4035,0.0705892446131,0.586203428163
4036,0.48768932518,0.170157931607
4037,0.516084941258,0.162315280415
4038,0.196005827659,0.337831186604
4039,0.308250487921,0.244947655811
4040,0.238630580108,0.295307056935
4041,0.655618111828,0.132341983913
4042,0.294853245619,0.253258650168
4043,0.468265624959,0.175974043841
4044,0.238239923289,0.2956481276
4045,0.331335429773,0.231838131295
4046,0.186659561723,0.348845855337
4047,0.394964698871,0.202034610202
4048,0.24965806207,0.285993691688
4049,0.371445225251,0.21211371893
4050,0.336844581709,0.228914364941
4051,0.358284774907,0.218204936047
4052,0.168710290239,0.372148010822
4053,0.448990882117,0.182152387694
4054,0.330384820378,0.23235020211
4055,0.377459447914,0.209441870795
4056,0.30075654463,0.24952805223
4057,0.0667432238028,0.599724520849
4058,0.140488285724,0.415820669597
4059,0.38883825399,0.204566641796
4060,0.14833722227,0.402678257757
4061,0.342672858289,0.225900454766
4062,0.177724834141,0.360068628034
4063,0.299379821635,0.250388213382
4064,0.412050907863,0.195293082122
4065,0.503325886131,0.165747902251
4066,0.0948314293892,0.513264211598
4067,0.42051209578,0.192118494096
4068,0.0952387284236,0.512193460833
4069,0.441616177798,0.18463259426
4070,0.310071748238,0.243859764614
4071,0.359651203308,0.217556267188
4072,0.479736426344,0.172492179991
4073,0.0448099990826,0.69056004857
4074,0.230328491909,0.302728957535
4075,0.189564378595,0.345346345726
4076,0.35826038371,0.218216550142
4077,0.521529045831,0.16089352649
4078,0.19253987065,0.341833746552
4079,0.419619640491,0.192448460773
4080,0.343539396745,0.225459115321
4081,0.451448623511,0.181340556013
4082,0.305280432415,0.246742729236
4083,0.375714208603,0.210210244285
4084,0.417917948597,0.193080777121
4085,0.296014747998,0.252515848224
4086,0.304277658203,0.247354752287
4087,0.389711022665,0.20420206075
4088,0.331145909308,0.231940041274
4089,0.38596483495,0.20577620603
4090,0.167392946214,0.373981443475
4091,0.330481842877,0.232297834751
4092,0.285978307888,0.259081917186
4093,0.413966845144,0.194565079333
4094,0.371739231051,0.211981521607
4095,0.255658659644,0.281168466698
4096,0.31554247536,0.240649286005
4097,0.385857346538,0.205821730828
4098,0.284299815475,0.260213499911
4099,0.421792030542,0.191647235195
4100,0.337171340016,0.228743265733
4101,0.436154860812,0.18651327687
4102,0.35960810658,0.217576667096
4103,0.0,1.0
4104,0.32515318363,0.235209340657
4105,0.268437409339,0.27141652141
4106,0.296764970356,0.252038379069
4107,0.392239078106,0.203153314005
4108,0.405487883892,0.197828678365
4109,0.0652441443905,0.605165165573
4110,0.244079184356,0.290630774969
4111,0.669859818956,0.129893777461
4112,0.267741066251,0.271930467324
4113,0.357490560928,0.21858374476
4114,0.285669414498,0.25928942312
4115,0.26903386856,0.270977838404
4116,0.272911996857,0.268159782583
4117,0.178826717019,0.358645688868
4118,0.277521466791,0.264885599354
4119,0.363947761654,0.215541507612
4120,0.411976274915,0.195321550821
4121,0.341325707476,0.226590017998
4122,0.209979116797,0.322602377326
4123,0.37165254091,0.212020483993
4124,0.180481395825,0.35652988572
4125,0.389038716523,0.204482787602
4126,0.301630604056,0.248985010082
4127,0.203744364632,0.329224214978
4128,0.37408225173,0.210933861445
4129,0.375296207376,0.210395114558
4130,0.443750646068,0.183907827463
4131,0.302711602204,0.248316659994
4132,0.367490955046,0.213907881897
4133,0.377903639879,0.209247203109
4134,0.307922200839,0.245144784457
4135,0.0316492444593,0.759594180815
4136,0.307678991667,0.245291030551
4137,0.491295333061,0.169120225391
4138,0.362478061275,0.216226472936
4139,0.417585681341,0.193204726493
4140,0.653454440575,0.132722026197
4141,0.435206692188,0.186843702554
4142,0.303330473601,0.247935642222
4143,0.405403570477,0.197861680925
4144,0.0893751303158,0.528052441909
4145,0.482997206845,0.171527408409
4146,0.486889647623,0.170389783505
4147,0.324907567004,0.235345302756
4148,0.289003446328,0.257067131266
4149,0.354389227714,0.220075639784
4150,0.187349574734,0.348008171206
4151,0.291460229458,0.255453791918
4152,0.476578513198,0.173436917455
4153,0.291109817338,0.255682663965
4154,0.128403328189,0.437821991443
4155,0.3262727489,0.234591585453
4156,0.401451266587,0.199421173429
4157,0.261058238219,0.276963629173
4158,0.28609340034,0.259004686203
4159,0.298976225814,0.250641500746
4160,0.506316088658,0.164930474171
4161,0.333406349328,0.230730353063
4162,0.25434185824,0.282213341931
4163,0.192438671734,0.34195203872
4164,0.247981537043,0.287371568186
4165,0.0655606203365,0.604008367429
4166,0.339676303392,0.227440049028
4167,0.161314160238,0.382681137175
4168,0.394097876085,0.20238905051
4169,0.275294818156,0.266457182892
4170,0.303546059622,0.247803187804
4171,0.112952388805,0.469588533667
4172,0.267012869978,0.272470009038
4173,0.487696433936,0.170155873382
4174,0.344407347894,0.225018781697
4175,0.36215525334,0.216377503614
4176,0.364287321779,0.215383869662
4177,0.426126435227,0.190068381485
4178,0.50387507408,0.165597164533
4179,0.33456242684,0.230116535217
4180,0.240239038461,0.293911011659
4181,0.3665096178,0.214357852838
4182,0.245317904222,0.289588228057
4183,0.202885053962,0.33015825209
4184,0.394368989223,0.20227805987
4185,0.485270400201,0.17086119504
4186,0.371380413739,0.212142883084
4187,0.143267830189,0.411069560338
4188,0.321287180745,0.237367773268
4189,0.442207446956,0.184431255161
4190,0.5142857142857142,0.16279069767441862
4191,0.422345654156,0.191444112159
4192,0.42080733851,0.19200958321
4193,0.368775747068,0.2133216162
4194,0.500811873426,0.166441451015
4195,0.426101353578,0.190077442911
4196,0.447320819382,0.182708196836
4197,0.211064990838,0.321476228266
4198,0.532665500935,0.158061408204
4199,0.211145310297,0.32139324197
4200,0.399638414907,0.200144738708
4201,0.272275781428,0.268618064856
4202,0.379125408185,0.208713623389
4203,0.43939724125,0.185392123564
4204,0.41944576502,0.192512879561
4205,0.444925012054,0.183511488348
4206,0.314898764232,0.241022650875
4207,0.198900785424,0.334559174403
4208,0.490865294376,0.169243313073
4209,0.341556823051,0.226471418353
4210,0.335565186977,0.229586759893
4211,0.473736132043,0.174296151863
4212,0.0,1.0
4213,0.268365083937,0.271469811772
4214,0.354551570997,0.219997039677
4215,0.341975653787,0.226256806553
4216,0.317845354624,0.239322990894
4217,0.37413146123,0.210911968888
4218,0.365655572934,0.214751000122
4219,0.308596962097,0.244739949819
4220,0.213746828756,0.318728321164
4221,0.294070310464,0.253761822052
4222,0.407727711515,0.196955962285
4223,0.308824859492,0.244603520746
4224,0.676543096913,0.128775853391
4225,0.405919319137,0.197659975054
4226,0.424897020279,0.190513560063
4227,0.374249375658,0.210859529043
4228,0.371362828685,0.212150797463
4229,0.294107509505,0.253737869967
4230,0.304227285388,0.247385576419
4231,0.118690500296,0.457267233212
4232,0.475328520873,0.173813736625
4233,0.330763842241,0.232145761073
4234,0.361402981591,0.21673028565
4235,0.484746311201,0.171014332343
4236,0.0818844482056,0.549799617211
4237,0.456884015858,0.179570605642
4238,0.284626528165,0.259992467179
4239,0.337225538812,0.228714910551
4240,0.44162191885,0.184630637202
4241,0.275920014857,0.266014035028
4242,0.277996627663,0.264552624764
4243,0.0798266520173,0.556091095943
4244,0.438729324209,0.185621972865
4245,0.412848911005,0.194989202188
4246,0.371562122276,0.21206113739
4247,0.313150013715,0.242042833548
4248,0.33936257499,0.227602453401
4249,0.43741550196,0.18607576379
4250,0.305139557398,0.246828526551
4251,0.462890701044,0.177654382662
4252,0.306325093453,0.246108354151
4253,0.39501986645,0.202012094418
4254,0.0,1.0
4255,0.27002266166,0.270253717844
4256,0.375908236678,0.210124541441
4257,0.389979592923,0.204090132414
4258,0.268009443283,0.27173215749
4259,0.194160499021,0.339950470349
4260,0.371842338679,0.211935199117
4261,0.311277514357,0.243144826812
4262,0.55306029629,0.153125217638
4263,0.586830083424,0.145596418115
4264,0.213347464135,0.319134543744
4265,0.689708949126,0.126628930963
4266,0.452378430132,0.181035309391
4267,0.304880293584,0.246986582416
4268,0.178795615065,0.358685698757
4269,0.410195089918,0.196003454318
4270,0.154373584109,0.393122581302
4271,0.281186421562,0.262338830408
4272,0.125745156416,0.442977389138
4273,0.314184476251,0.241438310062
4274,0.393795383708,0.202513031307
4275,0.330687280149,0.232187028986
4276,0.095774573301,0.510791561508
4277,0.445078681551,0.183459752481
4278,0.481298921179,0.172028531891
4279,0.507058123373,0.164728872162
4280,0.305126381387,0.246836554207
4281,0.308837936627,0.244595696831
4282,0.393651067929,0.202572234715
4283,0.25082077999,0.285045828822
4284,0.317051391574,0.239778602878
4285,0.303908307045,0.24758094413
4286,0.417863581292,0.193101047482
4287,0.301415845694,0.249118217611
4288,0.426068238049,0.190089408117
4289,0.300412841431,0.24974224014
4290,0.0857711304871,0.538296772689
4291,0.15903562184,0.386047290677
4292,0.362696616199,0.216124338279
4293,0.326362288617,0.234542319219
4294,0.229124365613,0.303836514242
4295,0.359990208525,0.217395931797
4296,0.364635593313,0.215222426864
4297,0.357465536833,0.21859570164
4298,0.405997456091,0.197629452078
4299,0.238984289492,0.294998922073
4300,0.266352171122,0.272961395844
4301,0.315656212632,0.24058343641
4302,0.229177102521,0.303787837107
4303,0.246372932038,0.288706162493
4304,0.354847477923,0.21985391775
4305,0.168754689617,0.372086530444
4306,0.257849114845,0.279447386766
4307,0.18513178545,0.350715020573
4308,0.8,0.1111111111111111
4309,0.424982975119,0.190482367504
4310,0.359387972398,0.217680927687
4311,0.393649025639,0.202573072783
4312,0.359837387767,0.217468180405
4313,0.207089501722,0.325637963653
4314,0.321213721216,0.237409170127
4315,0.393035979564,0.202824954253
4316,0.277866299749,0.264643870243
4317,0.503690325281,0.165647842631
4318,0.337776574742,0.228427023668
4319,0.45394357663,0.180523801013
4320,0.541689956583,0.155838499534
4321,0.381148882582,0.207835877044
4322,0.429790200391,0.188753963222
4323,0.273078870216,0.268039838177
4324,0.396522396505,0.201400784142
4325,0.134325650768,0.426756523121
4326,0.378460340336,0.209003738805
4327,0.165306272701,0.376922863458
4328,0.359710587718,0.217528163744
4329,0.348356079864,0.223037011186
4330,0.437449079006,0.186064138737
4331,0.327393703556,0.23397630608
4332,0.367877201412,0.213731294661
4333,0.590416970178,0.144840008748
4334,0.268837845486,0.271121852662
4335,0.346262678358,0.22408326945
4336,0.388198585164,0.204834678016
4337,0.240455976933,0.293723731629
4338,0.234160156033,0.29925770082
4339,0.301700314862,0.248941801388
4340,0.190811138855,0.343865783112
4341,0.157733316677,0.387997955752
4342,0.227055576146,0.305758431574
4343,0.186977698734,0.348459132683
4344,0.41732486369,0.193302133763
4345,0.388901121715,0.204540336601
4346,0.438217075526,0.185798638778
4347,0.248626344968,0.2868400551
4348,0.346812482675,0.223807534206
4349,0.365749366167,0.214707753277
4350,0.307270118412,0.24553728712
4351,0.170860154395,0.369194207333
4352,0.281682291486,0.261998007848
4353,0.418311526117,0.192934162104
4354,0.45321016853,0.180763127087
4355,0.456030658852,0.179846198061
4356,0.395265140242,0.201912050485
4357,0.382974748984,0.207050161961
4358,0.34376668071,0.225343641934
4359,0.0237267688239,0.808232534888
4360,0.354814014003,0.219870093975
4361,0.358817625722,0.217951522335
4362,0.300323854894,0.249797754437
4363,0.428318118544,0.189279898777
4364,0.35720803713,0.218718814804
4365,0.0904284418434,0.525131640169
4366,0.274232091098,0.267213855729
4367,0.357548511057,0.21855606036
4368,0.495344731454,0.167969908385
4369,0.422496987735,0.191388663184
4370,0.36219857867,0.216357220932
4371,0.33142332725,0.231790896977
4372,0.292788786104,0.25458975291
4373,0.248853991856,0.2866528758
4374,0.32326973293,0.23625596687
4375,0.160840530752,0.383376002617
4376,0.400493152797,0.199802933249
4377,0.483014820898,0.17152222622
4378,0.346093034544,0.224168485622
4379,0.200795225137,0.332452085815
4380,0.4888888888888888,0.169811320754717
4381,0.280565166766,0.262767086252
4382,0.328553617027,0.233343031133
4383,0.302105655535,0.248690856802
4384,0.309738659735,0.244058005327
4385,0.166416976317,0.375351456137
4386,0.348710255209,0.222860963927
4387,0.0909042855795,0.523822708833
4388,0.169615497363,0.370898561017
4389,0.313641272056,0.241755372966
4390,0.451470822589,0.181333256274
4391,0.383797603051,0.206698006293
4392,0.432452026169,0.187810347384
4393,0.353878883403,0.220323094236
4394,0.397361637336,0.201060943372
4395,0.216696322964,0.315759902306
4396,0.0557026071813,0.642250003454
4397,0.336903175535,0.228883664848
4398,0.238365351594,0.295538534099
4399,0.311964715094,0.242739235513
4400,0.289104056261,0.257000661882
4401,0.366791959602,0.214228197258
4402,0.471848271467,0.174871561198
4403,0.361665240396,0.21660716738
4404,0.415322967797,0.194053062349
4405,0.338031942663,0.228293853165
4406,0.375117881883,0.210474081935
4407,0.400901795246,0.199639931318
4408,0.2359565557,0.297657534295
4409,0.237286548102,0.296483807501
4410,0.260035143863,0.277750663247
4411,0.264975324707,0.273991125511
4412,0.459588730483,0.178702669573
4413,0.360292692398,0.217253068866
4414,0.338021410942,0.228299342228
4415,0.47524447508,0.17383913159
4416,0.358088413316,0.218298470542
4417,0.403422794534,0.198640190881
4418,0.519745732896,0.161356496208
4419,0.216441290533,0.31601438558
4420,0.214179205871,0.318289683503
4421,0.369912633757,0.212805514933
4422,0.328193717406,0.233539157477
4423,0.37218848856,0.211779834584
4424,0.271344756383,0.269291536453
4425,0.172893983153,0.366442670684
4426,0.302631465165,0.248366083259
4427,0.288288383876,0.257540539848
4428,0.373118809717,0.211363399523
4429,0.156476752029,0.389898886386
4430,0.445979771321,0.183156968908
4431,0.343366465455,0.225547053716
4432,0.213062502429,0.319425032459
4433,0.213003223424,0.319485527677
4434,0.41039623017,0.195926212007
4435,0.356875711035,0.218877908334
4436,0.378838431181,0.208838709444
4437,0.349747911357,0.222346780218
4438,0.353198649293,0.220653790906
4439,0.267623537222,0.272017403335
4440,0.363600294722,0.215703055279
4441,0.305560849785,0.246572123648
4442,0.1035761217,0.491216745682
4443,0.240572870343,0.293622918054
4444,0.367246191189,0.21401993614
4445,0.354745628868,0.219903158275
4446,0.33866585936,0.227963945373
4447,0.26333131076,0.27523088993
4448,0.418766515095,0.192764947409
4449,0.315328874574,0.240773050279
4450,0.373067150536,0.211386480517
4451,0.229305592542,0.303669303725
4452,0.485886961211,0.170681388426
4453,0.308895179594,0.244561454844
4454,0.251688720407,0.284342357879
4455,0.350274385477,0.222086805791
4456,0.43887939509,0.185570279567
4457,0.278514734273,0.264190508177
4458,0.427968678732,0.189405175019
4459,0.294573042043,0.253438500213
4460,0.427861446271,0.189443651751
4461,0.470243033428,0.175363825839
4462,0.209574261747,0.323024270285
4463,0.481956535829,0.171834138537
4464,0.241948144269,0.292442002321
4465,0.379886954073,0.208382409964
4466,0.218090362745,0.314376075832
4467,0.285011348854,0.259732603461
4468,0.505865373047,0.165053169316
4469,0.277119722607,0.26516778096
4470,0.24444427699,0.290322721788
4471,0.290558673012,0.256043475437
4472,0.37595615768,0.210103385336
4473,0.243556013854,0.291073350393
4474,0.139088816287,0.418254611625
4475,0.387364668383,0.205185165211
4476,0.240958529222,0.293290800579
4477,0.452086132772,0.181131157013
4478,0.475614933492,0.173727250948
4479,0.313471037134,0.241854908854
4480,0.376752878097,0.209752273335
4481,0.38965944013,0.20422357215
4482,0.272477790823,0.268472382687
4483,0.278480218398,0.264214601289
4484,0.198446970534,0.335067901079
4485,0.380584474948,0.208079963488
4486,0.390520038371,0.203865269872
4487,0.332573348252,0.231174667612
4488,0.274738076136,0.266853053821
4489,0.212204883221,0.320302485241
4490,0.168968375453,0.37179092089
4491,0.203363934909,0.32963707446
4492,0.127172029434,0.440195037431
4493,0.395324279537,0.201887943174
4494,0.398615956814,0.200555153989
4495,0.265724556119,0.273429821233
4496,0.231091031148,0.302031739287
4497,0.489602684126,0.169605740768
4498,0.426841127828,0.18981054196
4499,0.387566727594,0.205100131614
4500,0.218294673647,0.314174280248
4501,0.296388252437,0.252277910319
4502,0.330558371641,0.232256545422
4503,0.527094465033,0.159465607777
4504,0.227689316839,0.305167104514
4505,0.334208941368,0.230303870954
4506,0.396247384253,0.20151239719
4507,0.310452070389,0.243633805782
4508,0.318396085791,0.239007972101
4509,0.464615591466,0.177111651735
4510,0.372703861814,0.211548938095
4511,0.424960532437,0.19049051085
4512,0.191282158229,0.343309733105
4513,0.322579764793,0.236641714373
4514,0.277669304591,0.264781910482
4515,0.351077266689,0.22169150916
4516,0.410872324094,0.195743623766
4517,0.558236564679,0.151921065109
4518,0.239855386308,0.29424279864
4519,0.5,0.16666666666666666
4520,0.386443705059,0.205573633619
4521,0.648951566676,0.133519982399
4522,0.5,0.16666666666666666
4523,0.384740475874,0.206295956243
4524,0.282572252782,0.261388533206
4525,0.422278177166,0.191468846243
4526,0.400358016654,0.199856895806
4527,0.335537250632,0.229601486107
4528,0.335699679528,0.229515890643
4529,0.216281572395,0.316173968793
4530,0.483047978405,0.171512471878
4531,0.101429583336,0.496451406708
4532,0.402495670119,0.199006689901
4533,0.248502047285,0.28694236025
4534,0.425589626871,0.190262506883
4535,0.0447224530753,0.690977784546
4536,0.361864838599,0.216513559039
4537,0.255182838724,0.281545134217
4538,0.287135409999,0.258307551873
4539,0.382566327168,0.207225399639
4540,0.0616331432669,0.618684992315
4541,0.25779276654,0.279491396562
4542,0.328352509011,0.233452583787
4543,0.207485462251,0.325218627469
4544,0.406309351493,0.197507708884
4545,0.310287699079,0.243731411457
4546,0.312824552941,0.242233654194
4547,0.313754774808,0.241689053731
4548,0.204307918211,0.328614518439
4549,0.241689425058,0.292663432539
4550,0.224523903796,0.308143710926
4551,0.312315754146,0.242532571202
4552,0.512745792303,0.163199815088
4553,0.271691923728,0.269040013022
4554,0.409402020264,0.196308605035
4555,0.317870037509,0.239308854486
4556,0.429930877674,0.188703855942
4557,0.0904265645912,0.525136816991
4558,0.382097453113,0.207426941076
4559,0.409402479326,0.196308428126
4560,0.463153319973,0.177571535945
4561,0.468811287214,0.17580523145
4562,0.370015671859,0.212758863134
4563,0.0,1.0
4564,0.451704389834,0.181256487791
4565,0.339358151424,0.227604744958
4566,0.348863144073,0.222785054466
4567,0.515263291853,0.162532043312
4568,0.287933644542,0.257776043421
4569,0.19922660321,0.334194884169
4570,0.43156522402,0.18812366852
4571,0.480314311835,0.172320409751
4572,0.246011317602,0.289007887641
4573,0.400286638437,0.199885410317
4574,0.305614695236,0.246539391138
4575,0.305026106656,0.246897665006
4576,0.456087296725,0.179827880602
4577,0.527390157944,0.159390450637
4578,0.439197740208,0.18546071792
4579,0.303408306097,0.247887806197
4580,0.349236977591,0.222599663403
4581,0.32822572275,0.233521702895
4582,0.121786891809,0.450883274409
4583,0.382491845521,0.207257388759
4584,0.313428027192,0.24188006962
4585,0.374067213735,0.210940552526
4586,0.356901252101,0.218865672922
4587,0.479483986088,0.172567322654
4588,0.469686125005,0.175535256365
4589,0.276799241801,0.265393315342
4590,0.421769328794,0.191655573606
4591,0.413784868974,0.194633991849
4592,0.3038151886,0.247638035475
4593,0.295170120302,0.253055569899
4594,0.201545856771,0.331624519967
4595,0.162733132348,0.380614348508
4596,0.386468971833,0.205562956304
4597,0.406002030056,0.197627665622
4598,0.470092157572,0.175410236173
4599,0.396617231505,0.201362324253
4600,0.205986938807,0.326811335117
4601,0.388038966748,0.20490167141
4602,0.397570799318,0.200976424133
4603,0.306101998658,0.246243555389
4604,0.29257669331,0.254727297122
4605,0.221197191425,0.31133522543
4606,0.393257102269,0.202734029657
4607,0.363175570658,0.215900851286
4608,0.256303196292,0.280659845437
4609,0.279608322296,0.263429419554
4610,0.0658550637509,0.602936068025
4611,0.328361585836,0.233447637011
4612,0.402286084148,0.199089728256
4613,0.434693790241,0.187022931302
4614,0.433713834969,0.187366325263
4615,0.270712666111,0.269750696811
4616,0.0,1.0
4617,0.254238281601,0.282295859013
4618,0.463742401663,0.177385982862
4619,0.209383966021,0.323222955883
4620,0.263727514529,0.274931084412
4621,0.317043167443,0.239783331335
4622,0.151480645217,0.397644915829
4623,0.268160827931,0.271620423503
4624,0.378507556321,0.208983115688
4625,0.235888025169,0.297718264739
4626,0.177660317173,0.360152293342
4627,0.280599871486,0.262743126028
4628,0.296660707432,0.252104627775
4629,0.302823929019,0.248247417286
4630,0.0,1.0
4631,0.265734055611,0.27342271923
4632,0.322424555055,0.236728662677
4633,0.350871302416,0.22179278092
4634,0.271452837093,0.269213181362
4635,0.349188412361,0.222623730373
4636,0.379789008932,0.208424949589
4637,0.20117672919,0.332030964905
4638,0.439271680218,0.18543528924
4639,0.378495680911,0.208988302276
4640,0.282055366124,0.261742168457
4641,0.37181671948,0.211946706997
4642,0.379043086812,0.208749489875
4643,0.372210513377,0.211769956761
4644,0.209352128567,0.323256220875
4645,0.48084745144,0.172162242861
4646,0.324285776099,0.235690201353
4647,0.23029128311,0.302763061315
4648,0.260403360004,0.277466891538
4649,0.493333545607,0.168539265545
4650,0.324433441818,0.235608201775
4651,0.329691874851,0.232724903245
4652,0.292791014022,0.254588308872
4653,0.445675625687,0.183259055916
4654,0.287637275939,0.257973126443
4655,0.416195646589,0.193724996832
4656,0.367153583674,0.214062362989
4657,0.207498894076,0.325204421631
4658,0.402408245501,0.199041319277
4659,0.494130904406,0.168313075887
4660,0.212126509752,0.320382911658
4661,0.390900500954,0.203707268185
4662,0.226082809009,0.306670567222
4663,0.282303726739,0.261572129712
4664,0.445797043741,0.183218288092
4665,0.464823249648,0.17704653635
4666,0.156731593552,0.389511857954
4667,0.158820294494,0.386368465408
4668,0.358858228016,0.217932236788
4669,0.184339351491,0.351692438896
4670,0.431774450445,0.188049651344
4671,0.327337448262,0.234007107046
4672,0.20183647534,0.331305220442
4673,0.5387845861,0.1565472965
4674,0.427372268592,0.189619375071
4675,0.291124386506,0.255673139927
4676,0.400361265631,0.199855598082
4677,0.352068560271,0.221205385175
4678,0.473277739401,0.174435518994
4679,0.308285983912,0.244926360298
4680,0.288753608655,0.257232338874
4681,0.162966730875,0.380276241284
4682,0.362780860825,0.216084995005
4683,0.504237813243,0.165497752389
4684,0.237419843854,0.296366683292
4685,0.379089664711,0.2087291949
4686,0.418214105473,0.192970432383
4687,0.403307045534,0.198685873539
4688,0.532950245673,0.157990301266
4689,0.199031115943,0.334413359241
4690,0.367944025341,0.213700773137
4691,0.283806372643,0.260548044868
4692,0.427163289021,0.189694544523
4693,0.107677304516,0.48151626502
4694,0.383400078146,0.206867984762
4695,0.4111111111111111,0.1956521739130435
4696,0.316199863218,0.240269180357
4697,0.258282306361,0.279109512875
4698,0.341138314373,0.226686272178
4699,0.389755355834,0.204183576165
4700,0.469924385072,0.175461872872
4701,0.363876560769,0.215574591297
4702,0.710542230644,0.123374200898
4703,0.352579305627,0.220955750201
4704,0.517807497246,0.161862716859
4705,0.299067745775,0.250584020028
4706,0.336010598796,0.229352222804
4707,0.372594043487,0.21159809646
4708,0.485680802473,0.170741468011
4709,0.313001572554,0.242129828663
4710,0.115371069126,0.464314916604
4711,0.323198421578,0.23629577735
4712,0.346202010646,0.224113736859
4713,0.35265076643,0.220920867513
4714,0.306244899958,0.246156936396
4715,0.28218619946,0.261652566579
4716,0.477322787995,0.173213325508
4717,0.479474527453,0.172570139432
4718,0.423891371391,0.19087926517
4719,0.293232819407,0.254302273525
4720,0.209858217187,0.322728249416
4721,0.28869879186,0.257268615427
4722,0.499823361618,0.166715747333
4723,0.415983447934,0.19380466641
4724,0.313865238638,0.241624545055
4725,0.14749381461,0.404050501859
4726,0.322464453405,0.23670630557
4727,0.353435052454,0.220538750718
4728,0.351582545334,0.221443457089
4729,0.237019995466,0.296718299642
4730,0.290517642496,0.256070377156
4731,0.389427796184,0.204320230236
4732,0.517071720531,0.16205571682
4733,0.400579431136,0.199768495827
4734,0.247138118194,0.288069776146
4735,0.705432836014,0.124156845275
4736,0.36460059379,0.215238640106
4737,0.557443829461,0.152104249091
4738,0.389929278974,0.204111091726
4739,0.310093400478,0.243846889229
4740,0.157298800437,0.388653191659
4741,0.393721352468,0.202543397202
4742,0.37225124283,0.211751692597
4743,0.524780936115,0.160056100018
4744,0.470358137723,0.175328435567
4745,0.499770284971,0.166730500837
4746,0.281844473843,0.261886728368
4747,0.377433311428,0.209453336427
4748,0.416019545682,0.193791108955
4749,0.420285943434,0.192202002114
4750,0.428406514205,0.189248234667
4751,0.497463607878,0.167374211051
4752,0.24365153916,0.290992440321
4753,0.340001563981,0.227271919434
4754,0.235764271452,0.297827995717
4755,0.332251597915,0.23134674454
4756,0.336765557785,0.228955782382
4757,0.32837069761,0.233442671401
4758,0.296521795645,0.252192946512
4759,0.352137497405,0.221171658122
4760,0.356596868535,0.219011576494
4761,0.122445252551,0.449548816409
4762,0.374815662432,0.210608048369
4763,0.316460262989,0.240118947441
4764,0.480206993212,0.172352283185
4765,0.243746938475,0.290911681843
4766,0.0699601479785,0.58837322272
4767,0.288079007097,0.25767948838
4768,0.4666666666666666,0.17647058823529413
4769,0.140724490874,0.41541265551
4770,0.383084686921,0.207003042546
4771,0.453810641407,0.180567133463
4772,0.20899630643,0.323628463898
4773,0.325027402501,0.23527894769
4774,0.060987928782,0.621164585175
4775,0.226333590319,0.30643489658
4776,0.403131693328,0.198755119835
4777,0.436637731374,0.186345450857
4778,0.283964965238,0.260440428303
4779,0.164909698222,0.377487123616
4780,0.376340666421,0.209933786992
4781,0.286459559454,0.258759286848
4782,0.121201767658,0.452075953364
4783,0.0557337286994,0.642121657493
4784,0.559454304156,0.151640529707
4785,0.276299080442,0.265746065291
4786,0.339975931392,0.227285160085
4787,0.215127222656,0.317332152891
4788,0.460777600244,0.178323813142
4789,0.40510011255,0.197980553786
4790,0.420382413493,0.192166371129
4791,0.401823559902,0.199273226669
4792,0.123151482332,0.448126084376
4793,0.23842496547,0.295486474709
4794,0.38225776441,0.207357988569
4795,0.260705505903,0.277234470679
4796,0.0871706091386,0.534271916196
4797,0.424628947299,0.190610907985
4798,0.332715238417,0.231098863922
4799,0.35768843789,0.218489242291
4800,0.33550044507,0.229620890477
4801,0.316272046775,0.240227516536
4802,0.135489711227,0.424647002534
4803,0.385803991268,0.205844335982
4804,0.419398953893,0.192530229894
4805,0.401619817471,0.19935416528
4806,0.364444669523,0.215310900441
4807,0.187120842267,0.348285409064
4808,0.394675893324,0.202152563627
4809,0.272616570593,0.268372391064
4810,0.486256195812,0.170573890245
4811,0.348644994931,0.222893381471
4812,0.277988451939,0.26455834692
4813,0.242779389135,0.29173282633
4814,0.302577510345,0.248399370135
4815,0.345991224926,0.22421965817
4816,0.266120587928,0.273134052815
4817,0.292663419037,0.254671036699
4818,0.383597690223,0.206783452489
4819,0.490408161432,0.16937435241
4820,0.0946272153904,0.513802757746
4821,0.379197348629,0.208682289846
4822,0.275870332215,0.266049196836
4823,0.334195790469,0.230310846386
4824,0.340914237888,0.22680147613
4825,0.304855565446,0.247001668089
4826,0.384376004992,0.206451184554
4827,0.529581585769,0.158835649359
4828,0.390107170387,0.204037006684
4829,0.305052715827,0.246881445532
4830,0.397532229659,0.200992004214
4831,0.296292909386,0.252338605187
4832,0.306029776075,0.246287355983
4833,0.452431511572,0.181017914267
4834,0.370146303283,0.212699747508
4835,0.380449180139,0.208138558944
4836,0.382803294639,0.207123690145
4837,0.119906281692,0.454739169935
4838,0.422914788592,0.191235746591
4839,0.350696114917,0.221878992719
4840,0.421909422598,0.19160412836
4841,0.274071589022,0.267328508593
4842,0.0743841493502,0.573446614114
4843,0.284566904489,0.260032776697
4844,0.388036308528,0.204902787462
4845,0.362671471998,0.216136083706
4846,0.30587301972,0.246382477133
4847,0.327872985354,0.23371421759
4848,0.430835249658,0.18838236546
4849,0.312402045297,0.2424818236
4850,0.242161963993,0.292259252995
4851,0.237903685522,0.295942318135
4852,0.360422373907,0.217191877865
4853,0.474938548257,0.173931632003
4854,0.452131494602,0.181116275702
4855,0.353211134474,0.220647712276
4856,0.35602525487,0.219286100785
4857,0.25328266401,0.283059459711
4858,0.381351734903,0.207748290385
4859,0.55376923005,0.152959171835
4860,0.391499714006,0.203458917982
4861,0.437147752264,0.186168516164
4862,0.411509329253,0.195499855586
4863,0.164143322402,0.378582351016
4864,0.169306102373,0.371324671513
4865,0.429552836194,0.188838569384
4866,0.422865910565,0.1912536235
4867,0.356730786905,0.218947359949
4868,0.383937940647,0.206638065754
4869,0.0598133743535,0.625729857745
4870,0.263196342072,0.275333169463
4871,0.346313803516,0.224057600756
4872,0.40321954253,0.198720422298
4873,0.130048043606,0.434691807991
4874,0.311216207062,0.243181076725
4875,0.358132734408,0.218277351714
4876,0.338050485575,0.228284189364
4877,0.241376846355,0.292931407234
4878,0.283648796135,0.260655060064
4879,0.354443682897,0.220049268509
4880,0.351455493308,0.221505777385
4881,0.342110036716,0.226188033963
4882,0.184762380058,0.351169982424
4883,0.378641049215,0.208924830338
4884,0.388844160079,0.204564170274
4885,0.326773717157,0.23431621016
4886,0.424535908515,0.190644717314
4887,0.0293007949613,0.773390449996
4888,0.319195195255,0.238552352536
4889,0.404712917058,0.19813243652
4890,0.422790166767,0.191281333041
4891,0.475638543424,0.173720125489
4892,0.170833333333,0.369230769231
4893,0.367969219757,0.213689267965
4894,0.339802854542,0.227374604251
4895,0.268046128077,0.271705072737
4896,0.271439599438,0.269222775793
4897,0.29160254124,0.25536095778
4898,0.304333075868,0.247320849983
4899,0.318445669944,0.238979650604
4900,0.358262497745,0.218215543476
4901,0.408010263069,0.196846416834
4902,0.477255461447,0.173233527751
4903,0.240455682646,0.293723985521
4904,0.318656827218,0.23885911682
4905,0.334821546049,0.229979403984
4906,0.298331986791,0.251046873754
4907,0.256416695689,0.28057047049
4908,0.338130858271,0.228242311885
4909,0.316502585837,0.24009454779
4910,0.352727832434,0.220883261059
4911,0.388310820882,0.204787597824
4912,0.453375965984,0.18070896849
4913,0.380690572219,0.208034036404
4914,0.444942642805,0.183505551126
4915,0.330372776442,0.232356704406
4916,0.231464164213,0.301691738645
4917,0.329624128951,0.232761600807
4918,0.345361766204,0.224536562382
4919,0.468967873784,0.175756847807
4920,0.429091814907,0.189003112848
4921,0.5375,0.156862745098
4922,0.515426761306,0.162488871605
4923,0.324797875731,0.235406073601
4924,0.152523406419,0.396002895011
4925,0.372147720462,0.21179812094
4926,0.441498882117,0.184672588074
4927,0.382355169219,0.207316115554
4928,0.275090787198,0.266602122508
4929,0.366765249932,0.214240456021
4930,0.303334551257,0.247933135627
4931,0.375141964077,0.210463414223
4932,0.538708050049,0.156566055481
4933,0.36719599942,0.214042928716
4934,0.326991748246,0.234196563308
4935,0.291021616352,0.255740337153
4936,0.444721752952,0.183579964373
4937,0.333730245319,0.230558050953
4938,0.322199962633,0.236854592256
4939,0.25119295187,0.284743755441
4940,0.302362470763,0.248532125301
4941,0.155521771056,0.391356085184
4942,0.281836723692,0.26189204389
4943,0.381208195114,0.207810259708
4944,0.446794229305,0.18288415393
4945,0.271475027285,0.269197099818
4946,0.337463731706,0.228590378475
4947,0.53976602316,0.156307144143
4948,0.123200148172,0.448028376409
4949,0.414901939873,0.194211736752
4950,0.227415553735,0.305422264945
4951,0.439182304825,0.185466027177
4952,0.385142817122,0.206124869772
4953,0.437881095499,0.185914695342
4954,0.301779039273,0.24889302384
4955,0.269854615235,0.270376509798
4956,0.292132989398,0.255015524589
4957,0.333488387282,0.230686687196
4958,0.396402986779,0.201449231095
4959,0.412449461205,0.195141194538
4960,0.306784645916,0.245830320795
4961,0.369203917938,0.213126950089
4962,0.145713781086,0.406977580004
4963,0.203149792324,0.329869927448
4964,0.355593231368,0.219494042306
4965,0.340308647026,0.22711341391
4966,0.268412897104,0.271434580022
4967,0.259448095132,0.278204284163
4968,0.429475002992,0.188866328788
4969,0.308558879641,0.244762762439
4970,0.37667208016,0.209787827234
4971,0.286418870663,0.258786533454
4972,0.268489823221,0.271377915205
4973,0.351667941403,0.221401589162
4974,0.224611783749,0.308060289264
4975,0.599416634703,0.142976296299
4976,0.339295875325,0.227637010992
4977,0.235666930792,0.297914363396
4978,0.407257589133,0.197138499536
4979,0.15323822926,0.394885086238
4980,0.405117467623,0.197973751473
4981,0.220016391968,0.312483993038
4982,0.149108299805,0.401431827355
4983,0.158230843451,0.387250409996
4984,0.51502314904,0.162595505805
4985,0.356074615072,0.219262367813
4986,0.463193227431,0.177558953356
4987,0.398849245523,0.200461363623
4988,0.4422721941,0.184409234123
4989,0.428478251635,0.18922254547
4990,0.439206293992,0.185457775835
4991,0.329299486373,0.232937618549
4992,0.0,1.0
4993,0.35938838937,0.217680730105
4994,0.189984759455,0.344845709092
4995,0.4128119453,0.195003257854
4996,0.394454886971,0.202242919698
4997,0.28228589051,0.261584333825
4998,0.205705150929,0.327112577907
4999,0.302121899462,0.248680810803
5000,0.459843904307,0.178621217862
5001,0.138006172289,0.420157170876
5002,0.528635194243,0.159074771689
5003,0.397876829161,0.200852889998
5004,0.285362504545,0.259495926097
5005,0.366341720894,0.214435028048
5006,0.171389616788,0.368473934941
5007,0.406409136689,0.197468791053
5008,0.268863354874,0.271103102758
5009,0.388146623424,0.204856482052
5010,0.355462412554,0.219557085818
5011,0.0920416455229,0.520720387121
5012,0.381047404364,0.20787972057
5013,0.31306075473,0.242095136986
5014,0.265966741002,0.273248874273
5015,0.481486973903,0.171972897912
5016,0.444884863028,0.183525010117
5017,0.153197705008,0.394948287532
5018,0.130431598744,0.433968260192
5019,0.485913455336,0.17067367047
5020,0.345363215994,0.224535831449
5021,0.411556008364,0.195482016368
5022,0.398046006646,0.200784663797
5023,0.363807952305,0.215606480016
5024,0.305228078404,0.24677460751
5025,0.328550879131,0.233344521899
5026,0.47935916407,0.172604502011
5027,0.355826328178,0.219381799204
5028,0.147191694018,0.404544337128
5029,0.204526562888,0.328378579036
5030,0.18193409049,0.354692828477
5031,0.375011521177,0.210521209574
5032,0.535993250762,0.157234372975
5033,0.281222863418,0.262313752915
5034,0.445310396307,0.183381796271
5035,0.133163393031,0.428883791319
5036,0.323477830234,0.236139870521
5037,0.41918667135,0.192608950727
5038,0.105054061466,0.487676270761
5039,0.275542350507,0.266281552174
5040,0.361895122717,0.216499363344
5041,0.356529724973,0.219043787359
5042,0.239112145371,0.294887698259
5043,0.265873367444,0.273318609383
5044,0.462067038203,0.177914720493
5045,0.345287773015,0.224573873482
5046,0.563855453839,0.150635201416
5047,0.51493318064,0.1626192945
5048,0.365059068632,0.215026448778
5049,0.368391896545,0.213496434797
5050,0.55543607446,0.152570180215
5051,0.223083192082,0.30951780362
5052,0.351521455813,0.221473417736
5053,0.39145656614,0.203476780838
5054,0.149144051237,0.401374223078
5055,0.425349174241,0.190349590145
5056,0.253276669861,0.283064262464
5057,0.262478061275,0.275878765319
5058,0.521474637272,0.160907612319
5059,0.336392163742,0.22915168582
5060,0.339226365377,0.22767303578
5061,0.39935262596,0.200259285325
5062,0.3243303705,0.235665431824
5063,0.479531877858,0.172553061912
5064,0.300281354326,0.249824277148
5065,0.404173969033,0.198344234614
5066,0.490377694608,0.169383093083
5067,0.216112592146,0.316342981851
5068,0.0946590274044,0.513718789893
5069,0.437817568375,0.185936655625
5070,0.378690147589,0.2089034013
5071,0.261266671251,0.276803834834
5072,0.419252140715,0.192584665828
5073,0.478380801053,0.172896472044
5074,0.320302463142,0.237923897121
5075,0.377221063829,0.209546492348
5076,0.295351864229,0.252939239821
5077,0.388836679865,0.20456730053
5078,0.431527723437,0.188136941105
5079,0.381672057543,0.207610133148
5080,0.43305078573,0.187599385794
5081,0.301723915417,0.248927176507
5082,0.431500808956,0.188146468105
5083,0.310809363021,0.243421910505
5084,0.454858742973,0.180226050804
5085,0.278017219996,0.264538213368
5086,0.532088965905,0.158205577686
5087,0.353319870344,0.220594786467
5088,0.278636046732,0.264105863304
5089,0.409420538829,0.196301468782
5090,0.404475551087,0.198225661847
5091,0.200429187016,0.332857140124
5092,0.166648057203,0.375026171384
5093,0.174814586526,0.363881703894
5094,0.156339104889,0.390108251503
5095,0.378805619719,0.208853020687
5096,0.287361354982,0.258156883008
5097,0.449418037599,0.182010769863
5098,0.366229454721,0.214486663138
5099,0.48645586093,0.170515816555
5100,0.497485092527,0.16736819253
5101,0.34280089225,0.225835136627
5102,0.0608641438803,0.621642571103
5103,0.221447696909,0.311092600637
5104,0.438544107617,0.185685812147
5105,0.272673846954,0.268331144827
5106,0.25,0.285714285714
5107,0.277039167176,0.265224434769
5108,0.244392632554,0.290366258007
5109,0.343026135288,0.225720317685
5110,0.234295539812,0.299136506745
5111,0.123419150202,0.447589205802
5112,0.42458877094,0.190625506186
5113,0.351374363372,0.221545590788
5114,0.252873103318,0.28338799149
5115,0.153564367363,0.394377179412
5116,0.2780913488,0.264486347856
5117,0.305438018428,0.246646825051
5118,0.347632150827,0.22339771577
5119,0.123190654392,0.44804743403
5120,0.490663446572,0.1693011487
5121,0.336613894661,0.229035312946
5122,0.330103360655,0.232502252128
5123,0.497719690298,0.167302502533
5124,0.120401581795,0.45371725187
5125,0.511756460016,0.16346374176
5126,0.295420029683,0.252895636268
5127,0.331759538833,0.231610401174
5128,0.315374557912,0.240746569801
5129,0.392902489509,0.202879884213
5130,0.477257725982,0.17323284817
5131,0.395926115391,0.201642940141
5132,0.420369278218,0.192171221834
5133,0.345066312884,0.224685618985
5134,0.384379190006,0.206449827043
5135,0.23407488562,0.299334084375
5136,0.356840475969,0.218894789889
5137,0.306653789292,0.245909426232
5138,0.371370394941,0.2121473921
5139,0.321068025028,0.23749131745
5140,0.477980062283,0.173016348704
5141,0.359951209209,0.217414364824
5142,0.437768584009,0.185953592258
5143,0.452031578324,0.181149057276
5144,0.248820324868,0.286680542592
5145,0.373877766001,0.211024882733
5146,0.409268506857,0.196360070677
5147,0.136259187176,0.423263963596
5148,0.288307630724,0.257527774598
5149,0.484227282087,0.171166261943
5150,0.357455736859,0.218600384568
5151,0.239061071788,0.294932117901
5152,0.0877699247431,0.532566651112
5153,0.404940940821,0.198042962881
5154,0.409305788164,0.196345697072
5155,0.505091238103,0.165264333216
5156,0.487960873589,0.170079344548
5157,0.3,0.25
5158,0.395692588861,0.201737936469
5159,0.241312162797,0.292986921945
5160,0.455908444874,0.179885736441
5161,0.449675017434,0.181925677588
5162,0.240828344748,0.293402827379
5163,0.484770503986,0.171007257237
5164,0.38612758114,0.205707316103
5165,0.220064453913,0.312437069401
5166,0.370837295814,0.212387593101
5167,0.169610516234,0.370905413471
5168,0.51510880388,0.162572864133
5169,0.353675832643,0.220421703791
5170,0.168367803408,0.372622940346
5171,0.145449857968,0.407415187883
5172,0.290476366103,0.256097445789
5173,0.356614662104,0.21900304195
5174,0.414473159698,0.194373599701
5175,0.419575499043,0.19246481057
5176,0.403983330067,0.198419261182
5177,0.38900334115,0.204497580251
5178,0.295786160779,0.25266168934
5179,0.383342052955,0.206892819254
5180,0.315506993059,0.240669836298
5181,0.284939378171,0.2597811647
5182,0.459261453657,0.178807245424
5183,0.426637463036,0.189883946773
5184,0.20765046698,0.325044200263
5185,0.352188269943,0.221146824558
5186,0.179169678317,0.358205090907
5187,0.218292896502,0.314176034397
5188,0.349411495026,0.22251322253
5189,0.263669740505,0.27497476106
5190,0.228257117555,0.304639243606
5191,0.70427278536,0.124335924105
5192,0.440886441537,0.184881691092
5193,0.391266481348,0.203555511716
5194,0.324845139844,0.235379884625
5195,0.263752152651,0.274912462432
5196,0.335199804526,0.229779514972
5197,0.300081868143,0.249948842881
5198,0.322398048924,0.236743517766
5199,0.316789349345,0.239929355578
5200,0.297142311349,0.251798907198
5201,0.480779614967,0.17218235183
5202,0.428106033785,0.189355912644
5203,0.312684562058,0.24231582471
5204,0.587833518217,0.145384017137
5205,0.408342276616,0.196717850551
5206,0.262414070765,0.275927476516
5207,0.235139393361,0.298383305517
5208,0.256354899235,0.280619124964
5209,0.358632442468,0.218039525206
5210,0.347706341071,0.223360696122
5211,0.563409719311,0.150736410832
5212,0.234239365528,0.299186781431
5213,0.327512909489,0.233911065094
5214,0.477901177226,0.173039965899
5215,0.205609690961,0.327214754498
5216,0.392996310238,0.202841274718
5217,0.183270121807,0.353019935043
5218,0.452107403506,0.181124178674
5219,0.284102570612,0.260347125094
5220,0.36308688916,0.215942196466
5221,0.0,1.0
5222,0.400577384291,0.199769312674
5223,0.393421948267,0.202666298796
5224,0.535588678268,0.157334457675
5225,0.152961348532,0.395317310649
5226,0.228254371089,0.304641792487
5227,0.561112063754,0.15126028624
5228,0.316164445234,0.240289628644
5229,0.383801950687,0.206696148823
5230,0.201262036925,0.331936944399
5231,0.384121735076,0.206559616631
5232,0.351530493675,0.22146898471
5233,0.416514887939,0.193605261601
5234,0.336521505821,0.229083787778
5235,0.238449017495,0.295465475835
5236,0.479351205897,0.172606872968
5237,0.431473260675,0.188156220452
5238,0.433702152103,0.187370426756
5239,0.464867599275,0.177032635839
5240,0.231059450029,0.302060551333
5241,0.340497214619,0.227016191434
5242,0.233198808971,0.300121120808
5243,0.318783296548,0.238786983207
5244,0.414330492021,0.194427516065
5245,0.356578912402,0.219020189684
5246,0.339860558637,0.227344775603
5247,0.300206889817,0.24987076071
5248,0.284128088579,0.260329830005
5249,0.361244777082,0.216804622987
5250,0.174069444989,0.364871027502
5251,0.337584505471,0.228527287301
5252,0.304978709461,0.246926560987
5253,0.175541660509,0.362921526332
5254,0.307238992451,0.245556053948
5255,0.46978233976,0.175505615078
5256,0.399928323316,0.200028674784
5257,0.296819020741,0.252004049133
5258,0.215166159208,0.317292948746
5259,0.449152937411,0.182098634438
5260,0.15279403402,0.39557895576
5261,0.404285330582,0.19830043417
5262,0.23651412802,0.297164343704
5263,0.369498562109,0.212993197574
5264,0.341260092894,0.226623711526
5265,0.302124347855,0.248679296674
5266,0.223984267739,0.308656962567
5267,0.353497578493,0.220508343908
5268,0.344072161698,0.22518862614
5269,0.2359396828,0.297672484437
5270,0.296674513154,0.252095853613
5271,0.379015303563,0.208761597503
5272,0.417481612032,0.193243581366
5273,0.334082113258,0.230371160077
5274,0.406638603138,0.197379353607
5275,0.0958357496823,0.510631997285
5276,0.362134207337,0.216387357639
5277,0.427418660241,0.189602696185
5278,0.292780644614,0.254595030003
5279,0.591638970267,0.144584102833
5280,0.157783492198,0.387922435014
5281,0.526257728787,0.159678668068
5282,0.213453742061,0.319026339716
5283,0.251321658749,0.284639439413
5284,0.306003256788,0.246303442961
5285,0.387263902621,0.205227597329
5286,0.42088503131,0.19198094395
5287,0.6777777777777777,0.1285714285714286
5288,0.108863331511,0.478781982824
5289,0.397279848767,0.201094012251
5290,0.364883443029,0.215107682365
5291,0.150447826259,0.3992847592
5292,0.31889290261,0.238724503034
5293,0.42774916896,0.189483955412
5294,0.414196266686,0.19447826925
5295,0.346106691833,0.224161622837
5296,0.304449750145,0.247249503712
5297,0.335142272082,0.229809895328
5298,0.282420712655,0.261492112458
5299,0.216170980049,0.316284562183
5300,0.251003022391,0.284897831702
5301,0.426374174446,0.189978925363
5302,0.561734873869,0.15111792343
5303,0.361799473548,0.216544205284
5304,0.315510056754,0.240668061758
5305,0.342037106014,0.226225352215
5306,0.236040454908,0.29758321815
5307,0.292393568819,0.254846174725
5308,0.0744428785061,0.573253553578
5309,0.25406509897,0.282433937406
5310,0.379353441049,0.208614336388
5311,0.342624429936,0.22592517095
5312,0.241276931259,0.293017168289
5313,0.329043145001,0.233076792311
5314,0.190389984699,0.344364493505
5315,0.50434594265,0.165468141577
5316,0.326651325295,0.23438342757
5317,0.348734353485,0.222848995677
5318,0.141606482768,0.413896178837
5319,0.287333361231,0.258175540785
5320,0.416083661672,0.19376703319
5321,0.125020471729,0.444404010139
5322,0.534223860033,0.157673033611
5323,0.437837966649,0.185929603711
5324,0.421999238825,0.191571160573
5325,0.299143727232,0.250536318567
5326,0.260770916328,0.277184206027
5327,0.271217414283,0.269383913988
5328,0.239014363505,0.294972752677
5329,0.252659251518,0.283559837349
5330,0.308543048248,0.244772247206
5331,0.366965953429,0.214148374771
5332,0.441901664171,0.184535325524
5333,0.486408836838,0.170529490209
5334,0.374672658483,0.210671497953
5335,0.444827100057,0.183544467574
5336,0.441844198776,0.184554896455
5337,0.406144859029,0.197571897089
5338,0.420049215106,0.192289493177
5339,0.43070801896,0.188427527807
5340,0.393766441402,0.202524901684
5341,0.450093820968,0.181787171912
5342,0.384410865525,0.206436327335
5343,0.338019193766,0.22830049784
5344,0.281157022776,0.262359064702
5345,0.410973558498,0.195704842916
5346,0.366656459075,0.214290401548
5347,0.280715097678,0.262663604911
5348,0.308238782664,0.244954679091
5349,0.273120355121,0.268010036513
5350,0.451880515804,0.181198641982
5351,0.339435570521,0.227564645897
5352,0.463299508232,0.177525452337
5353,0.254679836137,0.281944418068
5354,0.507508819926,0.164606663673
5355,0.245764793614,0.28921394499
5356,0.138968001277,0.418466068534
5357,0.296047577759,0.252494916308
5358,0.19701836766,0.336679515101
5359,0.36913360725,0.213158892168
5360,0.364117000076,0.215462911257
5361,0.246902048052,0.288265810368
5362,0.441865882871,0.184547511038
5363,0.357778478791,0.218446267426
5364,0.495536625544,0.167915785043
5365,0.212961165842,0.319528462041
5366,0.438760146664,0.185611353436
5367,0.408779418076,0.196548831276
5368,0.444540273421,0.183641146268
5369,0.283154935165,0.260991026925
5370,0.356117572995,0.219241717313
5371,0.169607891731,0.370909024058
5372,0.0819909024042,0.549478016093
5373,0.357033966749,0.218802118169
5374,0.495594571027,0.167899448492
5375,0.446253348541,0.183065239356
5376,0.321742871723,0.237111298625
5377,0.600174580228,0.142821523123
5378,0.530418710421,0.158624733605
5379,0.0782049087978,0.561151770031
5380,0.329842300095,0.23264346012
5381,0.382082088268,0.207433552156
5382,0.419303104074,0.192565765957
5383,0.366695336944,0.214272550171
5384,0.534535288848,0.157595647961
5385,0.355174352252,0.21969603407
5386,0.394063054128,0.202403315052
5387,0.487931331507,0.170087890611
5388,0.254874565842,0.281789707196
5389,0.231507347519,0.301652439225
5390,0.406334769807,0.197497793877
5391,0.259963380982,0.277806036067
5392,0.0862295761425,0.536971635072
5393,0.457232657604,0.179458254349
5394,0.336609284302,0.229037731435
5395,0.365977925737,0.214602440323
5396,0.379205753298,0.20867862982
5397,0.314899882337,0.241022001348
5398,0.519725781253,0.161361690969
5399,0.296572456754,0.252160729513
5400,0.40107072673,0.199572624513
5401,0.376738321941,0.20975867766
5402,0.376595221108,0.209821659075
5403,0.35147330333,0.221497039277
5404,0.369900703977,0.212810917612
5405,0.41472264117,0.194279388551
5406,0.252717890657,0.283512695695
5407,0.408541450892,0.196640804451
5408,0.377724701924,0.20932557935
5409,0.114705321522,0.465754641251
5410,0.244352366111,0.290400211648
5411,0.360330742412,0.217235111164
5412,0.125,0.444444444444
5413,0.343663103819,0.225396250306
5414,0.403965173271,0.198426409807
5415,0.354040865417,0.220244492548
5416,0.355329022284,0.219621405854
5417,0.430082094869,0.188650024153
5418,0.365700750236,0.214730167279
5419,0.446651746205,0.182931822123
5420,0.292926078625,0.254500796562
5421,0.299825433972,0.250109151403
5422,0.345771036816,0.224330411222
5423,0.471061538218,0.175112476165
5424,0.371398596006,0.212134700543
5425,0.446728889495,0.182906010495
5426,0.189510738474,0.345410330985
5427,0.3345546852,0.230120634769
5428,0.293294382211,0.25426246731
5429,0.293715965238,0.253990208244
5430,0.426965570786,0.189765718187
5431,0.155954854563,0.39069389862
5432,0.455186889705,0.180119527053
5433,0.397919579977,0.200835644994
5434,0.25265122973,0.283566287509
5435,0.248637436061,0.286830929948
5436,0.36403732715,0.215499905178
5437,0.457164213986,0.179480299506
5438,0.450516796761,0.181647500291
5439,0.301676984435,0.248956260565
5440,0.126465854593,0.441567671117
5441,0.0,1.0
5442,0.20438956945,0.328526368957
5443,0.0643435753885,0.60848134625
5444,0.502757400213,0.165904226086
5445,0.40639183246,0.197475538881
5446,0.292440386461,0.254815771898
5447,0.425481626641,0.190301610808
5448,0.33647546772,0.229107950837
5449,0.253293949294,0.28305041793
5450,0.294967143936,0.253185616919
5451,0.142095270462,0.413060526996
5452,0.367888755693,0.213726016672
5453,0.272053243229,0.268778734818
5454,0.218476806748,0.313994607712
5455,0.17403070434,0.364922610555
5456,0.348027817763,0.223200426481
5457,0.327856084214,0.233723449752
5458,0.342676407576,0.225898643543
5459,0.275668326622,0.266192257673
5460,0.39540179564,0.20185635353
5461,0.42000000000000004,0.1923076923076923
5462,0.239050140999,0.294941626349
5463,0.322253792962,0.236824397239
5464,0.329319866999,0.23292656056
5465,0.243082120058,0.291475405315
5466,0.454498049605,0.180343285375
5467,0.48077293249,0.172184332991
5468,0.275955061586,0.26598923706
5469,0.316905339389,0.239862603215
5470,0.29142363813,0.255477672421
5471,0.393289572859,0.20272068477
5472,0.266700531662,0.272702086214
5473,0.211651053733,0.320871689032
5474,0.238684348089,0.295260175335
5475,0.452356869129,0.181042376024
5476,0.0906331310807,0.524567788574
5477,0.344427864347,0.225008393987
5478,0.383857306624,0.206672501647
5479,0.376042971836,0.210065069576
5480,0.239822360714,0.29427139459
5481,0.327330472795,0.234010926826
5482,0.257192401302,0.279961162767
5483,0.338570291257,0.228013620607
5484,0.0852463598312,0.539821673641
5485,0.326410746304,0.234515665627
5486,0.341910765721,0.226290029021
5487,0.324780203109,0.235415867472
5488,0.108256869671,0.480176236961
5489,0.345837294035,0.224297072806
5490,0.402778260175,0.198894836792
5491,0.402781232888,0.198893660819
5492,0.447922121003,0.182507688897
5493,0.369164081105,0.213145046749
5494,0.279983477467,0.263169337432
5495,0.38085922664,0.207961071474
5496,0.437164213686,0.186162811021
5497,0.36222914044,0.216342915777
5498,0.308562979207,0.244760306463
5499,0.504486052334,0.165429788849
5500,0.440004390714,0.185183679466
5501,0.392969768129,0.202852195946
5502,0.456732139447,0.179619592466
5503,0.357933473386,0.218372330943
5504,0.119061286886,0.456493255479
5505,0.396371949109,0.201461827526
5506,0.167475635376,0.373865828412
5507,0.423241363205,0.19111638917
5508,0.29281260352,0.254574316363
5509,0.354636015522,0.219956177218
5510,0.380004757656,0.208331268399
5511,0.230957173535,0.302153897834
5512,0.355276674032,0.219646658183
5513,0.357550945125,0.21855489769
5514,0.131984949452,0.431062447096
5515,0.320783591467,0.237651852467
5516,0.300962376918,0.249399958093
5517,0.208189052492,0.324476159005
5518,0.33780970356,0.228409738722
5519,0.387977429166,0.204927511034
5520,0.158096407841,0.387452118518
5521,0.105085705175,0.487601024727
5522,0.292477723602,0.254791530797
5523,0.383984662156,0.206618117926
5524,0.408071589523,0.196822656614
5525,0.341028743557,0.226742590955
5526,0.348678172073,0.222876899801
5527,0.394911852438,0.202056183353
5528,0.27407879205,0.267323361081
5529,0.309451468809,0.244229188604
5530,0.368886515143,0.213271221864
5531,0.492229006002,0.168853600527
5532,0.328707524923,0.233259259954
5533,0.145962132489,0.406566649052
5534,0.35753374416,0.218563114254
5535,0.276698445267,0.265464328978
5536,0.302792711373,0.248266657207
5537,0.442884864907,0.184201119729
5538,0.316463780018,0.240116919641
5539,0.190497533121,0.344237002379
5540,0.276231394021,0.265793874698
5541,0.320667135696,0.237717643035
5542,0.264769208367,0.274145946824
5543,0.400028218958,0.199988713054
5544,0.282057809168,0.261740494764
5545,0.326600316958,0.234411452652
5546,0.293293072698,0.254263313905
5547,0.335273004873,0.229740872695
5548,0.384795933126,0.206272357434
5549,0.458034357184,0.179200435802
5550,0.201466039418,0.3317123222
5551,0.410735081322,0.195796223242
5552,0.374157340619,0.210900457366
5553,0.343149620823,0.225657419754
5554,0.0,1.0
5555,0.293657681412,0.254027813305
5556,0.308654803834,0.244705308886
5557,0.380147325092,0.208269409771
5558,0.452383127946,0.181033769753
5559,0.355680067092,0.21945221488
5560,0.41451593606,0.194357439666
5561,0.389759505245,0.204181846251
5562,0.47968142473,0.172508546477
5563,0.411100615571,0.195656191665
5564,0.340291244373,0.227122390641
5565,0.312740925433,0.24228273437
5566,0.366028603245,0.214579103737
5567,0.368629699188,0.213388097624
5568,0.35208479488,0.221197441569
5569,0.331850926619,0.231561388053
5570,0.232830273538,0.300453438136
5571,0.440001238663,0.185184760404
5572,0.223992064604,0.308649534742
5573,0.138801633304,0.418757604865
5574,0.447044161422,0.182800598292
5575,0.315754203446,0.240526732312
5576,0.438773896115,0.185606616655
5577,0.262540004303,0.275831629098
5578,0.267384411949,0.272194455582
5579,0.405608269038,0.197781575429
5580,0.378023443531,0.209194760954
5581,0.0664963876646,0.600613631339
5582,0.394227292424,0.202336053741
5583,0.293349132869,0.254227076263
5584,0.34611761181,0.224156135855
5585,0.399371289947,0.20025180064
5586,0.101452146553,0.49639580273
5587,0.215548028366,0.316908967924
5588,0.38006303296,0.20830597887
5589,0.361828910402,0.216530402813
5590,0.359844172975,0.217464971564
5591,0.0237959491816,0.807780873777
5592,0.329729926399,0.232704296017
5593,0.398351033908,0.200661768906
5594,0.453975455543,0.180513412642
5595,0.366196741735,0.21450171365
5596,0.221845851145,0.310707749204
5597,0.274360662037,0.267122083437
5598,0.33725157018,0.22870129422
5599,0.336204712356,0.22925015977
5600,0.360463518674,0.217172470661
5601,0.424421602612,0.190686271317
5602,0.137232871966,0.421526743623
5603,0.432096279299,0.187935912899
5604,0.360599269511,0.217108464167
5605,0.37087921525,0.21236868556
5606,0.0697450884453,0.589118665617
5607,0.308299372062,0.244918329154
5608,0.34708855656,0.223669334705
5609,0.350961877012,0.22174823438
5610,0.160776017529,0.383470845776
5611,0.0960617820433,0.510043308583
5612,0.278032515814,0.264527509716
5613,0.386176171478,0.205686756914
5614,0.333513653589,0.230673242174
5615,0.474545832905,0.174050518293
5616,0.584121274241,0.146172913729
5617,0.303198805173,0.248016607979
5618,0.491764924057,0.168986021196
5619,0.138375222936,0.419506686845
5620,0.675,0.12903225806451613
5621,0.273117946321,0.268011766751
5622,0.358159266798,0.218264711088
5623,0.376561281596,0.209836602053
5624,0.491693637184,0.169006380525
5625,0.349708208319,0.222366410375
5626,0.384696107507,0.20631484027
5627,0.274822547502,0.266792914851
5628,0.270501074901,0.269904750011
5629,0.498174035092,0.16717542744
5630,0.501135460541,0.166351856718
5631,0.342247660904,0.226117645926
5632,0.278675177862,0.264078571415
5633,0.379743284787,0.20844481449
5634,0.268873398525,0.271095721187
5635,0.358178739259,0.218255434903
5636,0.427907777711,0.189427025367
5637,0.569489392846,0.149367564398
5638,0.436722823093,0.18631590776
5639,0.536168217834,0.157191128379
5640,0.435570317465,0.186716845088
5641,0.120247595575,0.45403446852
5642,0.502662405557,0.165930376738
5643,0.306416826904,0.246052804363
5644,0.358295052327,0.218200042729
5645,0.309340547774,0.244295368597
5646,0.16386436434,0.378982589219
5647,0.417139081798,0.193371577434
5648,0.347719851835,0.223353955805
5649,0.273712473933,0.267585395124
5650,0.203999532572,0.328947874209
5651,0.496868240328,0.167541164437
5652,0.407416925538,0.197076595137
5653,0.323466579624,0.236146144257
5654,0.227579508908,0.305269399583
5655,0.279551873725,0.263468597898
5656,0.334677867765,0.230055421304
5657,0.222096797355,0.310465676223
5658,0.228863509266,0.304077519039
5659,0.328022447114,0.233632606594
5660,0.378243696914,0.209098417073
5661,0.498303380174,0.167139286378
5662,0.409835977162,0.196141513113
5663,0.324186041338,0.235745616911
5664,0.24686475712,0.288296801411
5665,0.509516588915,0.164064443558
5666,0.244963405707,0.289885820773
5667,0.315891277062,0.240447457101
5668,0.148841802333,0.401861741325
5669,0.400337735602,0.19986499695
5670,0.2778926784,0.264625396881
5671,0.434046264532,0.18724969472
5672,0.40286076086,0.198862205572
5673,0.299101924334,0.250562560346
5674,0.356700554575,0.218961853666
5675,0.299747819965,0.250157711951
5676,0.34421002103,0.225118739483
5677,0.395872655892,0.20166467905
5678,0.468743794602,0.175826094191
5679,0.425037233966,0.190462682512
5680,0.337824900186,0.228401810764
5681,0.256705998973,0.280342916262
5682,0.314586189199,0.241204368609
5683,0.3855650136,0.205945645175
5684,0.331304100564,0.23185497163
5685,0.198141909799,0.335410744727
5686,0.459114103243,0.178854368759
5687,0.277624830737,0.264813094533
5688,0.375274244959,0.210404836914
5689,0.30420252021,0.247400733543
5690,0.106520855035,0.484212599173
5691,0.472551380346,0.1746568141
5692,0.348286690617,0.223071534563
5693,0.591783261665,0.144553945638
5694,0.0636905149369,0.610908946304
5695,0.387368830637,0.205183412877
5696,0.25477525095,0.281868590699
5697,0.417004362604,0.193421965525
5698,0.404381449649,0.198262644412
5699,0.388191390213,0.204837696864
5700,0.125,0.444444444444
5701,0.390220952923,0.203989648757
5702,0.415646215923,0.193931414431
5703,0.350107165309,0.222169313682
5704,0.399858190083,0.200056740059
5705,0.267380441459,0.272197397344
5706,0.29205453489,0.255066556055
5707,0.235509186333,0.29805443211
5708,0.400561682433,0.199775579133
5709,0.401390934952,0.199445169485
5710,0.184789689675,0.351136307336
5711,0.361063980085,0.216889638574
5712,0.280812105501,0.262596694158
5713,0.419671463825,0.192429269185
5714,0.373085478683,0.21137829104
5715,0.336730065019,0.228974389468
5716,0.22975375596,0.303256591297
5717,0.411020968235,0.195686686488
5718,0.327838784578,0.233732900346
5719,0.39791359819,0.200838057775
5720,0.226529415127,0.306251122769
5721,0.256845947517,0.280232970826
5722,0.267965629053,0.271764513054
5723,0.396409423214,0.201446619108
5724,0.334789630405,0.229996285576
5725,0.270489241663,0.269913370632
5726,0.248907539816,0.286608882264
5727,0.429664335345,0.188798817151
5728,0.419779676646,0.192389207376
5729,0.238714704271,0.295233713621
5730,0.243688552876,0.290961101739
5731,0.297554341318,0.251537939866
5732,0.443060955917,0.184141391331
5733,0.281896072831,0.261851344159
5734,0.166619320779,0.375066591977
5735,0.46657696388,0.176498527782
5736,0.413119050438,0.194886547117
5737,0.301195732961,0.249254894268
5738,0.500973882554,0.166396582119
5739,0.459593833163,0.178701040065
5740,0.391028754379,0.20365406121
5741,0.364994478266,0.215056317169
5742,0.300600732356,0.249625105306
5743,0.265824047303,0.273355458005
5744,0.175711942468,0.362697383018
5745,0.357921841307,0.218377878012
5746,0.355302101397,0.219634391524
5747,0.468374327306,0.175940388571
5748,0.268911277918,0.271067885385
5749,0.230529508624,0.302544848163
5750,0.413145724955,0.194876416458
5751,0.423093874149,0.191170275436
5752,0.510931323405,0.163684519305
5753,0.373355833723,0.211257563287
5754,0.250509991418,0.285298571934
5755,0.388706955982,0.204621601505
5756,0.145538247955,0.407268524691
5757,0.296098669144,0.25246234787
5758,0.392021440232,0.203243175649
5759,0.109534056819,0.477249386177
5760,0.196495984578,0.337272695758
5761,0.129667750386,0.435411588401
5762,0.251997397515,0.284093009511
5763,0.449523589401,0.181975809463
5764,0.527047709282,0.159477498314
5765,0.372786168923,0.211512109645
5766,0.340690281506,0.226916735396
5767,0.248185041067,0.287203607868
5768,0.264979768503,0.273987789543
5769,0.0,1.0
5770,0.43366377282,0.187383901799
5771,0.48,0.1724137931034483
5772,0.309690204863,0.24408687055
5773,0.236343477483,0.297315115929
5774,0.160977879407,0.383174237707
5775,0.38504609608,0.206165972282
5776,0.396804933306,0.201286245961
5777,0.470412413002,0.175311752901
5778,0.317706346388,0.239402635044
5779,0.346916960127,0.223755213881
5780,0.506157064446,0.164973743383
5781,0.356857848103,0.21888646636
5782,0.414562073293,0.194340012974
5783,0.474803540922,0.173972484302
5784,0.427740866395,0.189486936426
5785,0.221822360073,0.310730428977
5786,0.414699476063,0.194288132494
5787,0.59730091422,0.143410108836
5788,0.328307886811,0.233476905467
5789,0.152777777778,0.395604395604
5790,0.320662005307,0.237720542237
5791,0.440631800397,0.184968771586
5792,0.395549883192,0.201796031826
5793,0.355135796206,0.219714645241
5794,0.175209671558,0.363359323217
5795,0.392934564529,0.202866682915
5796,0.363236884686,0.215872274652
5797,0.25,0.2857142857142857
5798,0.372849773521,0.211483658447
5799,0.289729518895,0.25658821093
5800,0.187049215201,0.348372316329
5801,0.351627800808,0.221421267294
5802,0.275967564837,0.26598039127
5803,0.337503694834,0.228569498225
5804,0.216732598716,0.315723737959
5805,0.33653974718,0.229074215225
5806,0.531672343369,0.158309922937
5807,0.321137705061,0.237452022933
5808,0.360264087363,0.217266570966
5809,0.349617110135,0.222411464657
5810,0.151179552141,0.398121579354
5811,0.359491107852,0.217632067936
5812,0.333862880224,0.23048756775
5813,0.281602527021,0.262052771979
5814,0.120426897995,0.453665142092
5815,0.269715229671,0.270478443879
5816,0.376970125961,0.209656736464
5817,0.266474135037,0.272870553307
5818,0.385004561336,0.206183627891
5819,0.329595631405,0.232777041221
5820,0.150926980146,0.39852231092
5821,0.175,0.363636363636
5822,0.450669817354,0.181597023931
5823,0.102364272786,0.494158374021
5824,0.318453391987,0.238975240528
5825,0.257825809861,0.279465587009
5826,0.305292676283,0.246735275153
5827,0.354574123986,0.219986124866
5828,0.343748104788,0.225353075136
5829,0.33614168959,0.229283286571
5830,0.0330098815993,0.751823840437
5831,0.448102957145,0.182447473958
5832,0.27802638008,0.264531803253
5833,0.431364640129,0.188194682988
5834,0.291517609653,0.255416353018
5835,0.207398944068,0.325310161046
5836,0.411408974383,0.195538218939
5837,0.16875182757,0.372090492944
5838,0.422076177044,0.191542928785
5839,0.408207588638,0.1967699858
5840,0.40397604667,0.198422128712
5841,0.113074031934,0.469320447415
5842,0.258166658529,0.279199634078
5843,0.435123146823,0.18687287327
5844,0.139892036141,0.416854188279
5845,0.257804952245,0.279481877969
5846,0.405323381393,0.197893079327
5847,0.402906407599,0.19884415567
5848,0.369404924704,0.213035685689
5849,0.308167278006,0.244997591401
5850,0.307782946923,0.24522849902
5851,0.312959512658,0.242154489568
5852,0.329501029043,0.232828312944
5853,0.366380563152,0.214417168941
5854,0.32823600703,0.233516094766
5855,0.308526139826,0.244782378045
5856,0.419025635436,0.192668710701
5857,0.304819311068,0.247023788801
5858,0.272240566936,0.268643476511
5859,0.407665173387,0.196980224846
5860,0.374209424663,0.210877293447
5861,0.475145014117,0.173869193934
5862,0.288689273097,0.257274915778
5863,0.267728387835,0.271939842852
5864,0.415999907363,0.193798484405
5865,0.33711941178,0.228770439622
5866,0.382358325494,0.207314758997
5867,0.312516166749,0.242414741677
5868,0.301942674561,0.248791696749
5869,0.333095576707,0.230895916233
5870,0.227436704177,0.305402536503
5871,0.46629444752,0.176586580423
5872,0.29139357033,0.255497298833
5873,0.369831088898,0.212842449899
5874,0.30027838051,0.249826133184
5875,0.333992711049,0.230418616383
5876,0.236795903069,0.296915725782
5877,0.270275100357,0.270069469709
5878,0.348621165312,0.222905221002
5879,0.185778075606,0.349921874825
5880,0.290882536142,0.255831332315
5881,0.323476874618,0.236140403393
5882,0.0,1.0
5883,0.371234149681,0.212208729074
5884,0.312727147223,0.242290822576
5885,0.154199771111,0.393391384905
5886,0.248859104777,0.286648674581
5887,0.1761508389,0.36212093506
5888,0.543204411169,0.155471570567
5889,0.489099803775,0.169750523356
5890,0.231847086038,0.301343613391
5891,0.452442435497,0.181014334842
5892,0.223725555787,0.308903632142
5893,0.346407685663,0.224010480132
5894,0.17484566518,0.363840557334
5895,0.23168106226,0.301494451684
5896,0.257134969878,0.280006183753
5897,0.421478900651,0.191762312675
5898,0.301839616568,0.248855503233
5899,0.0,1.0
5900,0.1525,0.39603960396
5901,0.454072579147,0.180481770374
5902,0.400546318289,0.199781711195
5903,0.174864334184,0.363815844994
5904,0.141559993546,0.413975834872
5905,0.356242088606,0.219181882815
5906,0.182943736434,0.353427155732
5907,0.455103446857,0.180146602523
5908,0.503183700318,0.165786973268
5909,0.264181182802,0.274588596891
5910,0.322316980508,0.236788963304
5911,0.359068485014,0.217832422099
5912,0.320333014824,0.237906603748
5913,0.235789964712,0.29780520715
5914,0.329173724529,0.233005876838
5915,0.383884145663,0.206661038384
5916,0.296754824169,0.252044824432
5917,0.108665974155,0.479234817297
5918,0.329187659417,0.232998311591
5919,0.330265070474,0.232414869024
5920,0.354833074378,0.219860880031
5921,0.258214334978,0.27916247407
5922,0.60766020201,0.141310758632
5923,0.223618938827,0.309005401113
5924,0.262766379701,0.275659503183
5925,0.189722825138,0.34515747923
5926,0.377569517325,0.209393598989
5927,0.5333333333333333,0.15789473684210528
5928,0.120858306017,0.452778986689
5929,0.354842010647,0.21985656043
5930,0.390426067814,0.203904332504
5931,0.36114847462,0.216849898685
5932,0.311639566619,0.242930971922
5933,0.257016846282,0.280098827385
5934,0.8,0.1111111111111111
5935,0.349133539601,0.222650929362
5936,0.348913190396,0.222760217653
5937,0.363811270121,0.215604937702
5938,0.170668683536,0.369455375087
5939,0.261321202571,0.276762059044
5940,0.515930430842,0.162355998328
5941,0.191181138947,0.343428837326
5942,0.591639255755,0.144584043152
5943,0.44928222235,0.182055773755
5944,0.237808573693,0.296025642294
5945,0.406975510392,0.197248186451
5946,0.543564278005,0.155384634321
5947,0.326013764841,0.234734199345
5948,0.472923672229,0.174543320249
5949,0.230442035023,0.302624936906
5950,0.532422636675,0.158122107276
5951,0.167094540484,0.374399266338
5952,0.313148538196,0.24204369798
5953,0.329541758537,0.232806235977
5954,0.240663606803,0.293544710979
5955,0.407255226551,0.197139417725
5956,0.185113373478,0.350737668949
5957,0.201474987809,0.331702476304
5958,0.229950052437,0.303076175505
5959,0.453337838894,0.180721420028
5960,0.388861778867,0.204556797694
5961,0.125,0.444444444444
5962,0.164378744703,0.378245233415
5963,0.406882887607,0.197284229641
5964,0.347192096982,0.223617547526
5965,0.303128442383,0.24805989726
5966,0.39,0.2040816326530612
5967,0.364859174039,0.215118912533
5968,0.484273641107,0.171152680806
5969,0.376289498167,0.209956340387
5970,0.129801126921,0.435158875589
5971,0.425776460073,0.19019489763
5972,0.2192064577,0.313276870151
5973,0.210978649655,0.321565484033
5974,0.251192200105,0.284744364966
5975,0.556177597872,0.152397765977
5976,0.436656718627,0.186338857838
5977,0.169950347419,0.370438493435
5978,0.479491774162,0.172565003437
5979,0.445665932665,0.183262311267
5980,0.127270886973,0.440003562848
5981,0.354315835122,0.220111191971
5982,0.779707686611,0.113674123259
5983,0.430823826727,0.188386419307
5984,0.255133675087,0.281584110478
5985,0.309458196056,0.244225176009
5986,0.319902573064,0.238150481599
5987,0.333852240743,0.230493220062
5988,0.267789768766,0.271894458444
5989,0.364743927184,0.215172257561
5990,0.487415341469,0.170237297088
5991,0.291793472323,0.255236513786
5992,0.419105007191,0.192639251432
5993,0.296368093754,0.252290740793
5994,0.334635029439,0.230078095935
5995,0.377967834134,0.209219099819
5996,0.328512383549,0.233365484497
5997,0.234240168219,0.299186062923
5998,0.100084492883,0.499788856993
5999,0.224743007407,0.307935806835
6000,0.471836565658,0.174875140915
6001,0.360097781364,0.217345103694
6002,0.202735978007,0.330320831565
6003,0.17031438561,0.369939615957
6004,0.244347505948,0.290404310392
6005,0.293774366389,0.253952538651
6006,0.10731096611,0.482367150549
6007,0.34009965613,0.227221263655
6008,0.443221437498,0.184086991229
6009,0.275714236593,0.266159730616
6010,0.184475919258,0.351523602634
6011,0.224077062244,0.308568583372
6012,0.403364041665,0.19866337625
6013,0.378461915717,0.20900305064
6014,0.376340193237,0.209933995535
6015,0.30092552329,0.249422883281
6016,0.385280461338,0.206066404825
6017,0.209789530986,0.322799804376
6018,0.33191449037,0.231527309756
6019,0.348529106991,0.222950971167
6020,0.256553416051,0.280462885779
6021,0.433230289777,0.187536233251
6022,0.433696438415,0.18737243272
6023,0.177118986793,0.360855822826
6024,0.150769417126,0.398772709791
6025,0.165539031048,0.376592471567
6026,0.495073619975,0.168046434329
6027,0.292835075859,0.254559753305
6028,0.544719881146,0.155106121161
6029,0.533939901909,0.157743659452
6030,0.498123451014,0.167189565683
6031,0.536895361415,0.157011663231
6032,0.360023276569,0.217380304636
6033,0.24039012258,0.293780557561
6034,0.412053147241,0.195292228041
6035,0.213538425117,0.318940174438
6036,0.412014108456,0.195307118199
6037,0.327419723793,0.233962062192
6038,0.513436255045,0.163016122992
6039,0.271631315524,0.269083889927
6040,0.330830542271,0.232109820889
6041,0.42374379163,0.190933050851
6042,0.316286797425,0.240219004346
6043,0.306076024762,0.246259305899
6044,0.134785667692,0.425920376585
6045,0.0399341864548,0.714621655604
6046,0.439946874416,0.185203405628
6047,0.450448964085,0.181669884993
6048,0.179897578259,0.357273544923
6049,0.44339192455,0.184029234669
6050,0.391147607214,0.203604778953
6051,0.380940180118,0.207926066762
6052,0.284954305631,0.259771091106
6053,0.262223907117,0.276072335468
6054,0.39237698905,0.203096412351
6055,0.374873916573,0.210582212478
6056,0.372835231233,0.211490162734
6057,0.363660972931,0.215674826734
6058,0.452053835673,0.181141753826
6059,0.408892550758,0.196505136204
6060,0.329800587687,0.232666038309
6061,0.394055569126,0.202406381486
6062,0.435442501752,0.186761416348
6063,0.301812992887,0.248871992122
6064,0.426463077656,0.189946843842
6065,0.398753769661,0.200499737712
6066,0.126758477629,0.440997845132
6067,0.275080591662,0.266609369354
6068,0.178734516763,0.358764322272
6069,0.198256228585,0.335282184967
6070,0.321814019593,0.237071304782
6071,0.285487783879,0.259411592745
6072,0.426455462036,0.189949591582
6073,0.357136340505,0.218753118357
6074,0.562115913554,0.151030956896
6075,0.284006445744,0.26041229544
6076,0.286532165641,0.258710681514
6077,0.223450436457,0.309166378303
6078,0.348760281487,0.222836120141
6079,0.416401990658,0.193647588137
6080,0.261425494807,0.276682197125
6081,0.396780063832,0.201296322619
6082,0.324424266798,0.235613295052
6083,0.114779018878,0.465594826358
6084,0.448419675197,0.182342108649
6085,0.313925573952,0.241589324973
6086,0.281001522495,0.262466142773
6087,0.370546315254,0.212518931204
6088,0.261865833322,0.276345514806
6089,0.230407767226,0.302656323245
6090,0.306402324978,0.246061584429
6091,0.147012101264,0.404838465356
6092,0.374700279838,0.210659239624
6093,0.380649981086,0.208051604983
6094,0.310147515965,0.2438147157
6095,0.340370178046,0.227081680335
6096,0.279218849585,0.263699971954
6097,0.354955374503,0.219801777502
6098,0.387320472838,0.205203773643
6099,0.378158431599,0.209135703548
6100,0.123687519871,0.447052209518
6101,0.322829859074,0.236501746161
6102,0.211273316025,0.321261074598
6103,0.369771242132,0.212869565081
6104,0.320225912303,0.237967238745
6105,0.26057800312,0.277332502634
6106,0.428947494374,0.189054681351
6107,0.187150110037,0.348249910081
6108,0.321995044785,0.236969607193
6109,0.470975365016,0.175138904631
6110,0.409115566475,0.196419058039
6111,0.456543566167,0.179680452851
6112,0.200742955814,0.332509866205
6113,0.365141284329,0.21498844194
6114,0.350020657791,0.222212021312
6115,0.190899599099,0.343761216275
6116,0.442648675243,0.184281293887
6117,0.224160420574,0.308489234506
6118,0.237991592941,0.295865347211
6119,0.349285077862,0.222575831977
6120,0.337116546144,0.228771939388
6121,0.203783210852,0.329182115494
6122,0.5888888888888889,0.14516129032258063
6123,0.407999278529,0.196850673272
6124,0.342817673836,0.225826578089
6125,0.390138769201,0.204023852598
6126,0.377064413618,0.209615299623
6127,0.311865846177,0.242797505373
6128,0.50894949478,0.164217231244
6129,0.207212294964,0.325507805642
6130,0.420090026421,0.192274404276
6131,0.39102283035,0.203656518229
6132,0.281889716707,0.26185570238
6133,0.507562134632,0.164592219133
6134,0.399006449322,0.200398211558
6135,0.402199702522,0.199123972989
6136,0.494694735456,0.168153497985
6137,0.295703249342,0.252714629375
6138,0.401867169762,0.199255910777
6139,0.377427140593,0.20945604365
6140,0.337927402386,0.22834835056
6141,0.322521400368,0.236674402558
6142,0.430143942351,0.188628015924
6143,0.504958488341,0.165300598185
6144,0.411720306862,0.195419252781
6145,0.372667413083,0.211565251236
6146,0.351235733837,0.221613654463
6147,0.412488692767,0.195126256269
6148,0.455856728042,0.179902472985
6149,0.181889511667,0.354748920627
6150,0.24664816541,0.28847693419
6151,0.257117592396,0.280019808963
6152,0.486473320658,0.170510740178
6153,0.313266385317,0.241974676753
6154,0.301751332243,0.248910188901
6155,0.193243375559,0.341013671014
6156,0.345589249208,0.224421931583
6157,0.384075174921,0.206579484305
6158,0.421972741128,0.191580885592
6159,0.455839838528,0.179907939425
6160,0.269888247448,0.270351925724
6161,0.365389487825,0.214873783392
6162,0.458776607355,0.178962395139
6163,0.4744309718,0.174085320794
6164,0.337145939479,0.22875655695
6165,0.160559168254,0.383789987779
6166,0.374039797749,0.210952752227
6167,0.37795481815,0.209224797413
6168,0.299075833813,0.250578941462
6169,0.201343522662,0.331847185952
6170,0.326211555191,0.234625267152
6171,0.284665029706,0.25996644425
6172,0.393433386266,0.202661600904
6173,0.31331529807,0.241946040872
6174,0.255503211737,0.281291410875
6175,0.337511223905,0.228565564804
6176,0.472529333711,0.174663539686
6177,0.433245710383,0.187530810005
6178,0.33840268908,0.228100790645
6179,0.306255333102,0.246150614778
6180,0.325388259559,0.23507936045
6181,0.365292442888,0.214918599106
6182,0.450827436626,0.181545059942
6183,0.465254905402,0.176911335124
6184,0.309935111466,0.243941046285
6185,0.290880745226,0.255832504469
6186,0.615182592721,0.139824432275
6187,0.465428755493,0.176856940912
6188,0.310912802831,0.243360633475
6189,0.253136519514,0.283176603025
6190,0.372374838352,0.211696288373
6191,0.264025047506,0.274706371677
6192,0.383741372982,0.206722032857
6193,0.142557178289,0.412273925287
6194,0.339670896903,0.227442845784
6195,0.413013621293,0.194926598144
6196,0.360036723728,0.217373950474
6197,0.361056521661,0.216893147156
6198,0.404710381785,0.198133431784
6199,0.344684274828,0.22487865135
6200,0.403044577031,0.198789539866
6201,0.530441511256,0.15861899671
6202,0.367265780883,0.214010963548
6203,0.333785895677,0.230528472679
6204,0.587435610769,0.145468169576
6205,0.366885202771,0.214185413045
6206,0.172771285419,0.366607503595
6207,0.241854449532,0.2925221542
6208,0.34998124035,0.222231486633
6209,0.287796502976,0.257867204146
6210,0.200785491759,0.33246284392
6211,0.0,1.0
6212,0.347531601455,0.223447907756
6213,0.344634817001,0.224903665157
6214,0.118557021415,0.457546499091
6215,0.301805796778,0.248876449275
6216,0.344224927987,0.225111185122
6217,0.5,0.16666666666666666
6218,0.453693262767,0.180605412282
6219,0.450027148128,0.181809207673
6220,0.326368517471,0.234538892771
6221,0.380022146679,0.208323721503
6222,0.556482982401,0.152326873172
6223,0.204345818819,0.328573595616
6224,0.417696766417,0.193163269479
6225,0.219362681972,0.313123622906
6226,0.478459571151,0.172872928355
6227,0.408525985005,0.196646784921
6228,0.454211810591,0.180436428977
6229,0.383730008518,0.206726889461
6230,0.212348860978,0.320154841247
6231,0.486163975756,0.170600726309
6232,0.496685267521,0.16759254073
6233,0.0,1.0
6234,0.47589789647,0.173641891406
6235,0.411755923863,0.195405652064
6236,0.46043928154,0.178431461345
6237,0.439006863639,0.18552639446
6238,0.176043111011,0.362262255463
6239,0.333483763987,0.230689147571
6240,0.396249109834,0.201511696481
6241,0.186391733096,0.349172089987
6242,0.525263410418,0.159932595341
6243,0.415558025834,0.193964587862
6244,0.272435701608,0.268502722935
6245,0.4150240214,0.194165700715
6246,0.290713021333,0.255942327335
6247,0.37878462754,0.208862177789
6248,0.357684793987,0.218490981815
6249,0.316057761964,0.240351242404
6250,0.326296382667,0.234578579753
6251,0.466285672694,0.176589316704
6252,0.150475281753,0.399240992166
6253,0.244019451171,0.290681238109
6254,0.320218679662,0.237971334545
6255,0.353483757833,0.220515064261
6256,0.322038506526,0.236945203941
6257,0.344099799746,0.225174611781
6258,0.22190759654,0.310648152062
6259,0.460928395881,0.178275873952
6260,0.55,0.153846153846
6261,0.241026869867,0.293232026084
6262,0.372590504774,0.211599680886
6263,0.276188872161,0.26582391825
6264,0.33573440351,0.22949760036
6265,0.0672562510538,0.59788497811
6266,0.44049038651,0.18501716681
6267,0.324384852911,0.235635177161
6268,0.231593899484,0.301573702518
6269,0.403859203017,0.198468142293
6270,0.305304466,0.246728097982
6271,0.318089375207,0.239183308474
6272,0.473591311325,0.174340158272
6273,0.349663574094,0.22238848277
6274,0.285956320848,0.259096676485
6275,0.343684423468,0.225385419705
6276,0.48087384717,0.172154419565
6277,0.390708481465,0.203786981023
6278,0.427080834375,0.189724219661
6279,0.0,1.0
6280,0.180498174338,0.35650855923
6281,0.305355131318,0.24669725945
6282,0.365480029191,0.214831987902
6283,0.277184184093,0.265122463288
6284,0.339351555894,0.227608161752
6285,0.358099254697,0.218293304289
6286,0.291355208224,0.255522343637
6287,0.406137448286,0.197574789889
6288,0.408707237782,0.196576719521
6289,0.531415043415,0.15837443381
6290,0.344241154756,0.2251029625
6291,0.314018831666,0.241534906993
6292,0.0,1.0
6293,0.126260717584,0.441968014015
6294,0.395038733923,0.202004395106
6295,0.327252341112,0.23405372043
6296,0.402610479905,0.198961231407
6297,0.346428475432,0.224000048167
6298,0.446104602616,0.18311510198
6299,0.366736379142,0.214253708236
6300,0.127489166424,0.439581372475
6301,0.311838464905,0.242813647878
6302,0.477108323323,0.173277694947
6303,0.272914600695,0.268157910185
6304,0.406733809517,0.197342269495
6305,0.477632677576,0.173120399662
6306,0.49009064489,0.169465489524
6307,0.23043427994,0.302632039321
6308,0.338825379541,0.227881076762
6309,0.0297534575943,0.770692371934
6310,0.227528887888,0.305316580302
6311,0.178021612958,0.359684266759
6312,0.340155469391,0.2271924512
6313,0.377884281484,0.209255679407
6314,0.46314132175,0.177575319263
6315,0.366636490763,0.214299571464
6316,0.321556753277,0.237215983904
6317,0.461368017412,0.178136261594
6318,0.436120591591,0.186525198935
6319,0.475415707871,0.173787400365
6320,0.4442827649,0.18372802971
6321,0.232201784699,0.301021862633
6322,0.35998287961,0.21739939557
6323,0.205179622498,0.327675875543
6324,0.481388808831,0.172001934817
6325,0.330457293173,0.232311083088
6326,0.327152893084,0.234108211882
6327,0.246077824792,0.288952347814
6328,0.258262496768,0.279124945821
6329,0.292377928582,0.254856332927
6330,0.317002416698,0.239806763692
6331,0.333868759164,0.230484444634
6332,0.338688664327,0.227952094804
6333,0.397222222222,0.201117318436
6334,0.449408190133,0.182014032182
6335,0.433374848474,0.187485405969
6336,0.294551473302,0.253452354804
6337,0.358028148431,0.218327193083
6338,0.389650656162,0.204227235768
6339,0.396426594179,0.201439651245
6340,0.246474487319,0.288621539709
6341,0.192423012738,0.341970349952
6342,0.687569468444,0.126972926208
6343,0.267656898492,0.271992720414
6344,0.281354170168,0.262223433812
6345,0.388669765034,0.20463717454
6346,0.236401993724,0.297263398748
6347,0.0997833150217,0.500542299987
6348,0.383527760804,0.206813358211
6349,0.438882846453,0.185569091052
6350,0.355084988192,0.219739175307
6351,0.357845291165,0.218414390035
6352,0.397120598506,0.201158431778
6353,0.396476646018,0.201419343291
6354,0.146397298709,0.405848605175
6355,0.483281902097,0.171443687247
6356,0.48770735312,0.170152712007
6357,0.333448040273,0.230708160399
6358,0.36045175507,0.217178018976
6359,0.438929359619,0.185553075213
6360,0.272117182804,0.268732551522
6361,0.572469863937,0.14870554855
6362,0.211090510068,0.321449857079
6363,0.267145129097,0.272371855364
6364,0.391025813237,0.203655281055
6365,0.0644148418096,0.608217597021
6366,0.410241564661,0.195985601578
6367,0.407790835604,0.196931478452
6368,0.208042100558,0.32463095083
6369,0.346235352776,0.22409699137
6370,0.202888636482,0.330154347029
6371,0.336473699877,0.22910887879
6372,0.0,1.0
6373,0.465703760489,0.176770965626
6374,0.338094470237,0.228261269643
6375,0.232317660464,0.300916899392
6376,0.463010476511,0.177616588273
6377,0.523603219358,0.160358376762
6378,0.505341432175,0.165196027704
6379,0.415924532442,0.193826797742
6380,0.190851573076,0.343817978849
6381,0.343401760505,0.225529100034
6382,0.392957361436,0.202857301306
6383,0.277468053767,0.264923081575
6384,0.304790518895,0.247041359252
6385,0.219436410241,0.313051351675
6386,0.384938819448,0.206211579667
6387,0.486962267165,0.170368702716
6388,0.261939493741,0.276289274117
6389,0.501652190059,0.166208985278
6390,0.235851489229,0.297750652318
6391,0.352170121768,0.221155700445
6392,0.487224071276,0.170292746656
6393,0.1603586933,0.384085504242
6394,0.430369923948,0.188547644737
6395,0.283221634151,0.26094560194
6396,0.219361065364,0.31312520794
6397,0.32025217404,0.237952368071
6398,0.121012503421,0.452463088975
6399,0.283444749134,0.260793765531
6400,0.398189590991,0.200726795197
6401,0.0480138299748,0.675612542537
6402,0.312063171754,0.242681236409
6403,0.557645263663,0.152057660148
6404,0.31208558382,0.242668037724
6405,0.36978649879,0.212862651987
6406,0.214751606453,0.31771084865
6407,0.35067539209,0.221889195095
6408,0.20413020993,0.328806533303
6409,0.356191193927,0.219206335701
6410,0.38855540091,0.204685077299
6411,0.32000952308,0.238089839646
6412,0.349812867106,0.222314671973
6413,0.262190594534,0.276097727299
6414,0.522186955277,0.160723395359
6415,0.419446715262,0.192512527391
6416,0.134097904356,0.427171700982
6417,0.206374522889,0.326397897113
6418,0.138603639374,0.419105091031
6419,0.313948217219,0.241576109862
6420,0.5,0.166666666667
6421,0.377012481571,0.209638120308
6422,0.432966795269,0.18762894966
6423,0.376939760851,0.209670084586
6424,0.319997063915,0.238096902554
6425,0.083693817191,0.544384136217
6426,0.3469152648,0.223756062673
6427,0.336872996627,0.228899475985
6428,0.454442963009,0.180361203355
6429,0.487708268864,0.170152446882
6430,0.323482828028,0.236137083682
6431,0.265652067287,0.273484027431
6432,0.27782201408,0.264674889957
6433,0.232952044824,0.300343552636
6434,0.407061232116,0.19721484047
6435,0.47795527104,0.173023770196
6436,0.390102143606,0.204039099409
6437,0.451688866617,0.181261587919
6438,0.319712312647,0.238258437951
6439,0.310326107073,0.243708597324
6440,0.41759405695,0.19320160009
6441,0.452756923285,0.180911347805
6442,0.283955969661,0.260446530075
6443,0.0864775593688,0.536257554735
6444,0.35592172598,0.2193358954
6445,0.466482710904,0.1765278941
6446,0.517594748553,0.161918475237
6447,0.335535546809,0.229602384312
6448,0.355059136239,0.219751658711
6449,0.438641925809,0.185652091322
6450,0.160535290389,0.383825161845
6451,0.287358407142,0.25815884761
6452,0.352278889728,0.221102514999
6453,0.12931562344,0.436080187211
6454,0.219425427604,0.313062115155
6455,0.312462467955,0.242446301832
6456,0.425451823807,0.190312404428
6457,0.221411145163,0.31112797893
6458,0.339879347538,0.227335064853
6459,0.2875,0.25806451612903225
6460,0.372659199582,0.211568927651
6461,0.296206184656,0.252393839048
6462,0.324753471588,0.235430683183
6463,0.318772684298,0.238793034382
6464,0.375795135151,0.210174490263
6465,0.310553348086,0.243573704772
6466,0.368629671988,0.21338811001
6467,0.264057896693,0.274681584738
6468,0.328780443793,0.233219591629
6469,0.137589892377,0.420893325888
6470,0.306775159708,0.245836053686
6471,0.22707658519,0.305738791855
6472,0.339385603379,0.227590524657
6473,0.29479442741,0.253296381755
6474,0.292490701942,0.254783105702
6475,0.358775500991,0.217971534626
6476,0.467676531507,0.176156656916
6477,0.558719230238,0.151809747476
6478,0.386115869874,0.205712271903
6479,0.265534547272,0.273571953038
6480,0.348378516663,0.223025850445
6481,0.292300718656,0.254906491996
6482,0.322073308679,0.23692566657
6483,0.295966527359,0.252546599499
6484,0.328270793803,0.233497127161
6485,0.282253798241,0.261606295242
6486,0.280955742472,0.262497683724
6487,0.230952807279,0.302157884148
6488,0.326148347377,0.234660067593
6489,0.390136143395,0.204024945615
6490,0.371777787267,0.211964197338
6491,0.361749132004,0.216567813709
6492,0.112239333253,0.471166199344
6493,0.468559707851,0.175883022696
6494,0.47131108589,0.175035987345
6495,0.30930906376,0.244314159773
6496,0.392108898783,0.203207054876
6497,0.0519586980088,0.658073550974
6498,0.198337051648,0.335191353027
6499,0.0,1.0
6500,0.30855953323,0.244762370882
6501,0.337372560538,0.228638028588
6502,0.269758180512,0.2704470253
6503,0.24115698135,0.293120192365
6504,0.159757594162,0.384974307768
6505,0.235695934744,0.297888623752
6506,0.346920516508,0.223753433343
6507,0.204637533424,0.328258960332
6508,0.241112375659,0.293158522339
6509,0.432274129211,0.187873117463
6510,0.163547794391,0.379437817839
6511,0.5199999999999999,0.16129032258064518
6512,0.44875931509,0.182229252881
6513,0.355458134364,0.219559148152
6514,0.447927246812,0.182505981555
6515,0.256902542029,0.28018853391
6516,0.489662397952,0.169588565164
6517,0.404052440953,0.198392055817
6518,0.426689385303,0.189865227572
6519,0.438562387658,0.185679509546
6520,0.348043400386,0.223192663733
6521,0.315286224309,0.240797777886
6522,0.11681949181,0.461213146313
6523,0.269216091287,0.270844100135
6524,0.249102955656,0.286448448458
6525,0.351494043594,0.221486864376
6526,0.277703852631,0.264757691253
6527,0.381799929338,0.207555032516
6528,0.311808617958,0.242831246456
6529,0.33718324436,0.228737037135
6530,0.288857265304,0.257163769132
6531,0.337140372725,0.228759470045
6532,0.460817908413,0.178310996314
6533,0.313099446881,0.242072461619
6534,0.293149883449,0.254355919231
6535,0.445403449564,0.183350508839
6536,0.275809054053,0.266092577923
6537,0.339932058653,0.227307826363
6538,0.352415202494,0.22103589678
6539,0.243138280308,0.291427700548
6540,0.166809927467,0.374798647671
6541,0.175742276066,0.362657483744
6542,0.35865945403,0.218026684333
6543,0.350321138129,0.222063748585
6544,0.407152800698,0.197179232496
6545,0.313695161848,0.241723880824
6546,0.459029778617,0.178881347336
6547,0.477443138879,0.173177224331
6548,0.254252287961,0.282284697653
6549,0.423030504324,0.191193437425
6550,0.5333333333333333,0.15789473684210528
6551,0.353762026878,0.22037983365
6552,0.161658741455,0.382177180261
6553,0.287432006596,0.258109805843
6554,0.400469451065,0.199812395716
6555,0.14356987024,0.410559811447
6556,0.386724547521,0.205455016619
6557,0.618333747627,0.139211056602
6558,0.173882646575,0.365119883463
6559,0.28750588767,0.25806059516
6560,0.300145575357,0.249909048503
6561,0.426952147791,0.189770552068
6562,0.374473384542,0.210759977815
6563,0.424020104296,0.190832372995
6564,0.130908256882,0.433072430369
6565,0.383876945969,0.206664113331
6566,0.409091310455,0.196428416566
6567,0.474992671536,0.173915260055
6568,0.286844750241,0.258501633893
6569,0.475285352816,0.173826779198
6570,0.48444670345,0.17110200025
6571,0.192443144533,0.341946808703
6572,0.349376662602,0.222530470143
6573,0.376368167606,0.209921667316
6574,0.143363516875,0.410907934287
6575,0.292537489675,0.254752737332
6576,0.184053822405,0.352045957887
6577,0.304050682994,0.247493703659
6578,0.355522403507,0.219528170799
6579,0.459651238299,0.178682710153
6580,0.284379861362,0.260159311276
6581,0.4800000000000001,0.17241379310344826
6582,0.391273514301,0.203552597665
6583,0.32551827449,0.235007533154
6584,0.0928740942116,0.518472946866
6585,0.235757380009,0.297834108657
6586,0.544905899583,0.155061381924
6587,0.457675998028,0.179315588897
6588,0.370760176086,0.212422386344
6589,0.39364373748,0.202575242847
6590,0.649410337873,0.133438244639
6591,0.293620587978,0.254051752003
6592,0.438797056585,0.185598638259
6593,0.232574712289,0.30068431635
6594,0.161065547778,0.383045564041
6595,0.3098248635,0.244006669449
6596,0.46619439317,0.176617785705
6597,0.116581662465,0.461719606646
6598,0.300135825501,0.249915137878
6599,0.391528457332,0.203447020225
6600,0.279855092745,0.263258284303
6601,0.131955654888,0.431116887616
6602,0.294941076005,0.253202328336
6603,0.405139768978,0.197965011154
6604,0.237428959306,0.296358677115
6605,0.369007497074,0.213216207894
6606,0.371104645758,0.212267064017
6607,0.137670652768,0.420750306507
6608,0.360321714479,0.217239371627
6609,0.373855473806,0.211034810249
6610,0.502426262394,0.165995419261
6611,0.281811347482,0.261909449941
6612,0.387702661829,0.20504296537
6613,0.156810908175,0.389391559379
6614,0.380224985951,0.20823572893
6615,0.241167533328,0.293111126444
6616,0.467539705952,0.17619912572
6617,0.327602843381,0.233861868666
6618,0.297887052637,0.251327605001
6619,0.230403653215,0.30266009176
6620,0.350765326178,0.221844925048
6621,0.391855814738,0.203311614916
6622,0.358581814647,0.218063596955
6623,0.558058805187,0.1519621031
6624,0.343736259343,0.225359090889
6625,0.414589653736,0.19432959694
6626,0.382141320063,0.207408068628
6627,0.327731699556,0.233791416685
6628,0.325350860081,0.235100030081
6629,0.28977839807,0.256556034134
6630,0.437691331169,0.185980309154
6631,0.335914477503,0.229402796101
6632,0.437997081238,0.185874614357
6633,0.164284235202,0.378380495998
6634,0.368173749417,0.213595914176
6635,0.461442028971,0.178112778951
6636,0.281469116872,0.262144418977
6637,0.372536007475,0.211624084552
6638,0.315182741278,0.240857795996
6639,0.361274863862,0.216790481846
6640,0.337525444933,0.228558135665
6641,0.331341637709,0.231834794645
6642,0.242786000506,0.29172719963
6643,0.123966203752,0.446495936997
6644,0.333400924314,0.230733241186
6645,0.509867402441,0.163970068903
6646,0.5,0.16666666666666666
6647,0.075,0.571428571429
6648,0.384352875555,0.206461043274
6649,0.358353184114,0.218172368963
6650,0.271675528462,0.269051880854
6651,0.194913433221,0.339082553506
6652,0.389750299419,0.204185684253
6653,0.386264280178,0.205649487483
6654,0.43333333333333335,0.18749999999999997
6655,0.424395645894,0.190695709972
6656,0.361003532925,0.216918077321
6657,0.417231034977,0.193337199893
6658,0.189742846246,0.345133628994
6659,0.404794113928,0.198100566629
6660,0.412294850083,0.195200088355
6661,0.506695134904,0.164827430198
6662,0.374197393823,0.210882643605
6663,0.24142552137,0.292889645738
6664,0.0753268773762,0.570363206694
6665,0.323119739932,0.236339717963
6666,0.464619475597,0.177110433349
6667,0.278088756753,0.264488161084
6668,0.251070819871,0.284842813301
6669,0.387508202072,0.205124753953
6670,0.151741197687,0.397233352819
6671,0.292290541071,0.254913105289
6672,0.355820383567,0.219384660286
6673,0.207374018637,0.325336540946
6674,0.339840009212,0.227355397203
6675,0.294972433752,0.253182226035
6676,0.420373321906,0.192169728521
6677,0.249338420711,0.286255373218
6678,0.485930411191,0.170668731457
6679,0.31657029955,0.2400555203
6680,0.282164772109,0.261667237009
6681,0.0647086728051,0.607132571084
6682,0.37970021473,0.208463529782
6683,0.27491416479,0.266727719013
6684,0.261425187052,0.27668243272
6685,0.340378180302,0.227077553959
6686,0.381953519923,0.207488888173
6687,0.389514081176,0.2042842154
6688,0.405548931118,0.197804789694
6689,0.325538831061,0.234996180608
6690,0.230442302799,0.302624691672
6691,0.309873567005,0.243977675191
6692,0.433044706823,0.1876015252
6693,0.157903264073,0.387742281431
6694,0.377908673295,0.209244999281
6695,0.100069329173,0.499826737129
6696,0.316101878256,0.240325759689
6697,0.428995148507,0.189037650501
6698,0.348975152012,0.222729475232
6699,0.42450533342,0.190655830605
6700,0.196403007277,0.337378493284
6701,0.454829167409,0.180235657882
6702,0.602473058437,0.142354213872
6703,0.441623244017,0.184630185474
6704,0.358004915237,0.218338268157
6705,0.333248857082,0.230814226894
6706,0.32661336047,0.234404285627
6707,0.144398849389,0.409167229101
6708,0.348750929235,0.222840764186
6709,0.391641509945,0.203400237729
6710,0.0,1.0
6711,0.266131458849,0.273125943109
6712,0.300078998003,0.249950635997
6713,0.351103257031,0.22167873639
6714,0.288676515112,0.257283360615
6715,0.177672177442,0.360136910084
6716,0.235006054641,0.298502067693
6717,0.469276131215,0.175661677201
6718,0.284767086302,0.259897490092
6719,0.200541503836,0.332732746471
6720,0.443208468942,0.184091386121
6721,0.272245201371,0.268640131912
6722,0.288131396475,0.2576447072
6723,0.341980913472,0.22625411404
6724,0.300740226487,0.249538213013
6725,0.2634024671,0.275176998104
6726,0.213272712613,0.319210693986
6727,0.0,1.0
6728,0.358793149731,0.217963149752
6729,0.0456415963174,0.686617027886
6730,0.114148500061,0.466965680224
6731,0.136426901158,0.422963713141
6732,0.279013729563,0.263842684842
6733,0.458687306462,0.178991000589
6734,0.435573389366,0.186715774132
6735,0.232862960718,0.300423933574
6736,0.309534351586,0.244179760777
6737,0.496535231462,0.167634692347
6738,0.34140840027,0.226547568961
6739,0.277354363415,0.265002898324
6740,0.265205874096,0.273818158724
6741,0.31094724578,0.243340236556
6742,0.454253516014,0.180422851837
6743,0.379733825364,0.208448924618
6744,0.319341382187,0.238469190611
6745,0.256584670514,0.280438303351
6746,0.304532528153,0.247198909953
6747,0.477425272987,0.17318258254
6748,0.286355968401,0.258828666253
6749,0.468374980587,0.175940186348
6750,0.5444444444444444,0.15517241379310345
6751,0.309587786186,0.244147905217
6752,0.6000000000000001,0.14285714285714285
6753,0.30165221201,0.248971615268
6754,0.433547372505,0.18742478204
6755,0.352666157955,0.220913355776
6756,0.219788755784,0.312706429451
6757,0.331701712094,0.231641425546
6758,0.554048438472,0.152893874701
6759,0.374221370663,0.210871981286
6760,0.374847548,0.210593906236
6761,0.380413649451,0.208153952566
6762,0.336691243901,0.228994744906
6763,0.2768417,0.265363413869
6764,0.337598049075,0.22852021441
6765,0.419645107944,0.192439029005
6766,0.494560058485,0.168191587331
6767,0.314147502634,0.241459864816
6768,0.338942440052,0.227820303701
6769,0.2126563357,0.319839992291
6770,0.41103790889,0.195680199571
6771,0.396975504151,0.201217160936
6772,0.314443380883,0.241287482471
6773,0.408017542917,0.196843596042
6774,0.353756437589,0.220382548248
6775,0.639419459941,0.135241233721
6776,0.440401455158,0.185047614224
6777,0.395405383265,0.201854891727
6778,0.306789708899,0.245827261143
6779,0.315433803508,0.240712236596
6780,0.297905148623,0.251316175089
6781,0.514536300651,0.162724317333
6782,0.384281524228,0.206491462088
6783,0.0715189486403,0.583025961812
6784,0.474790069021,0.173976561861
6785,0.419514272127,0.192487493348
6786,0.448532158953,0.182304716994
6787,0.358850990614,0.217935674207
6788,0.434969864598,0.186926417015
6789,0.270482490349,0.269918289271
6790,0.339036777138,0.227771351302
6791,0.396774161432,0.201298714313
6792,0.34510895051,0.224664096027
6793,0.379490543138,0.2085546867
6794,0.306503924377,0.246000085124
6795,0.403880615606,0.198459708317
6796,0.243540985136,0.291086083834
6797,0.2610520615,0.276968367344
6798,0.307764704065,0.245239470222
6799,0.137712296858,0.420676596549
6800,0.34666262649,0.223882622072
6801,0.348475822107,0.222977460703
6802,0.366182257277,0.214508378298
6803,0.335006204473,0.229881778631
6804,0.387258036099,0.205230068242
6805,0.387013001015,0.20533332743
6806,0.677109635171,0.128681971596
6807,0.327550791951,0.233890339774
6808,0.323435613408,0.236163413831
6809,0.372449607951,0.211662785442
6810,0.375510809883,0.210300161261
6811,0.213064357242,0.31942313996
6812,0.280571625954,0.262762626481
6813,0.49961587186,0.166773437284
6814,0.334903557463,0.229936035896
6815,0.358819384594,0.217950686823
6816,0.162645765942,0.380740955947
6817,0.342598045824,0.22593863878
6818,0.402698183433,0.198926519521
6819,0.392787836534,0.202927086641
6820,0.520258976054,0.161222979208
6821,0.401692145436,0.199325424785
6822,0.429126206715,0.188990828144
6823,0.438222243139,0.185796854877
6824,0.362750405819,0.216099216214
6825,0.442129166643,0.184457885967
6826,0.506131068191,0.164980818915
6827,0.354372528306,0.220083728153
6828,0.230526964335,0.302547177055
6829,0.277845769059,0.264658249976
6830,0.263994654082,0.274729309561
6831,0.453113068936,0.180794860249
6832,0.247649515096,0.287646021805
6833,0.168146654658,0.372930253885
6834,0.256125724312,0.28079970969
6835,0.357554627503,0.218553138771
6836,0.458493285142,0.179053182304
6837,0.480102614421,0.172383294807
6838,0.400787326927,0.199685564356
6839,0.405479102378,0.197832115175
6840,0.495240799148,0.167999236852
6841,0.287870240691,0.257818181209
6842,0.330255074187,0.232420268812
6843,0.257168789592,0.279979670436
6844,0.359453569289,0.217649849047
6845,0.235452797087,0.298104534732
6846,0.280273113737,0.262968893638
6847,0.361830308838,0.216529747153
6848,0.156763470469,0.389463500463
6849,0.352821856392,0.220837396845
6850,0.348777963658,0.222827340239
6851,0.0723241558661,0.580301696517
6852,0.48707746396,0.170335272837
6853,0.332791013212,0.231058402202
6854,0.27279140579,0.268246527272
6855,0.380175234988,0.208257304237
6856,0.0527400018033,0.654707338087
6857,0.482864079989,0.171566585476
6858,0.408749602213,0.196560350249
6859,0.437347430368,0.186099336013
6860,0.327621257289,0.23385179828
6861,0.202242005571,0.330860694929
6862,0.434331804806,0.187149630811
6863,0.417095924061,0.193387716567
6864,0.39430439842,0.202304491563
6865,0.264219827933,0.274559461981
6866,0.289336031811,0.256847534853
6867,0.259651601964,0.278046863837
6868,0.529628938638,0.158823703714
6869,0.351107658834,0.221676573301
6870,0.310097578049,0.243844405216
6871,0.408031100395,0.196838343011
6872,0.151512326225,0.39759482766
6873,0.628848244305,0.137202772705
6874,0.464790564156,0.177056782366
6875,0.120571255791,0.453368230785
6876,0.313055303957,0.24209833173
6877,0.34842664587,0.223001913292
6878,0.386703483513,0.205463908494
6879,0.51,0.1639344262295082
6880,0.367010037676,0.214128159852
6881,0.346134573411,0.224147613657
6882,0.269771864314,0.27043701712
6883,0.167499222281,0.373832862568
6884,0.419043931953,0.192661919047
6885,0.286403378802,0.258796908842
6886,0.339015281997,0.227782503482
6887,0.347706111579,0.223360810616
6888,0.175,0.363636363636
6889,0.265820847088,0.27335784933
6890,0.374392020214,0.21079612586
6891,0.517062235932,0.162058207709
6892,0.398945107398,0.200422849162
6893,0.250535915257,0.285277472714
6894,0.309516162072,0.244190606529
6895,0.32710013159,0.234137132264
6896,0.413399963332,0.194779912626
6897,0.28259740947,0.261371346289
6898,0.476938239229,0.173328778022
6899,0.170453823558,0.369748886092
6900,0.12882855464,0.437008397652
6901,0.354913283926,0.219822114529
6902,0.400471685951,0.199811503442
6903,0.397653836687,0.200942889671
6904,0.196608757586,0.337144461998
6905,0.335695172353,0.229518264937
6906,0.393051718497,0.202818479783
6907,0.367916308853,0.213713431458
6908,0.223779819429,0.308851861664
6909,0.0761698633515,0.567633976082
6910,0.394444715591,0.202247080102
6911,0.254879886971,0.281785481994
6912,0.430860445609,0.188373424366
6913,0.403701318843,0.198530351736
6914,0.388574927042,0.204676896961
6915,0.414288773584,0.194443287772
6916,0.254311012389,0.282237911054
6917,0.375003810389,0.210524626988
6918,0.312048399707,0.242689936598
6919,0.298950850067,0.250657443099
6920,0.286658263739,0.258626310047
6921,0.364402003248,0.215330681824
6922,0.359715418006,0.217525878148
6923,0.218145167604,0.314321920252
6924,0.479864106854,0.172454198868
6925,0.297952912395,0.251286011197
6926,0.557830491723,0.152014844642
6927,0.290983643909,0.255765174727
6928,0.294433913598,0.253527895428
6929,0.236843855362,0.296873457562
6930,0.379971767279,0.208345587839
6931,0.294743430917,0.253329104851
6932,0.0791294013768,0.558255647768
6933,0.422952871371,0.19122182031
6934,0.542895315193,0.155546319341
6935,0.419785106996,0.192387197428
6936,0.385255043284,0.206077198752
6937,0.147080267674,0.404726775397
6938,0.34285714285714286,0.22580645161290322
6939,0.522737492697,0.160581306205
6940,0.188262962059,0.34690547577
6941,0.419634713244,0.192442878528
6942,0.153982956344,0.393727206893
6943,0.323619080917,0.236061132524
6944,0.394383070207,0.2022722986
6945,0.34496352118,0.224737523954
6946,0.386225323648,0.205665964187
6947,0.134928642393,0.425661166649
6948,0.266185416279,0.273085697994
6949,0.342066729447,0.226210192577
6950,0.306609438795,0.245936248545
6951,0.393778681225,0.202519881482
6952,0.295684616743,0.252726529586
6953,0.509662993392,0.164025045121
6954,0.152334582094,0.396299227677
6955,0.318434179146,0.238986213325
6956,0.370777449641,0.212414592237
6957,0.21796898086,0.314496086157
6958,0.39173789176,0.20336037079
6959,0.349104584915,0.222665284121
6960,0.380255867944,0.208222338705
6961,0.413351674388,0.194798234795
6962,0.488029155831,0.170059594849
6963,0.352462053005,0.221013009458
6964,0.35492892476,0.219814556862
6965,0.230812449162,0.302286084618
6966,0.245410955755,0.289510214815
6967,0.410288287909,0.195967656655
6968,0.36782919974,0.213753224586
6969,0.180772351455,0.35616042492
6970,0.34630984847,0.224059586278
6971,0.279467108542,0.263527451389
6972,0.259734611139,0.277982704203
6973,0.350910084264,0.22177370498
6974,0.401433304167,0.199428317124
6975,0.321374000865,0.237318865888
6976,0.515224490778,0.162542293909
6977,0.1285714285714286,0.4375
6978,0.186756917252,0.348727420277
6979,0.350005767918,0.222219373904
6980,0.151001032391,0.398404735819
6981,0.183900608411,0.352235948206
6982,0.421286997274,0.191832906869
6983,0.308284533356,0.244927230473
6984,0.26345353577,0.275138333124
6985,0.412566309254,0.195096708844
6986,0.330072805274,0.232518770715
6987,0.623240765234,0.138266542495
6988,0.345090494905,0.224673411687
6989,0.366298074347,0.214455099648
6990,0.24477019079,0.290048277581
6991,0.381459487979,0.207701795264
6992,0.182419282732,0.354083471329
6993,0.205343400882,0.327500118592
6994,0.434810149766,0.186982240415
6995,0.553399381998,0.153045752345
6996,0.386761922109,0.205439241358
6997,0.367615568801,0.213850878097
6998,0.450238535151,0.181739361407
6999,0.193089942886,0.341192191773
7000,0.293580495273,0.254077631389
7001,0.197342674649,0.336312304038
7002,0.477262536068,0.173231404693
7003,0.290386346851,0.256156499341
7004,0.378364350654,0.209045677972
7005,0.340463973452,0.227033324011
7006,0.0,1.0
7007,0.430046540055,0.188662678545
7008,0.464460411467,0.177160342813
7009,0.220868993663,0.311653671669
7010,0.35555492475,0.21951249908
7011,0.256145676926,0.28078397824
7012,0.350437509464,0.222006378019
7013,0.247513934951,0.287758244901
7014,0.399836897044,0.200065262471
7015,0.38523741889,0.206084683718
7016,0.314214381216,0.241420878982
7017,0.395620831043,0.201767144834
7018,0.44402770037,0.183814169631
7019,0.213757404055,0.318717578319
7020,0.339243524315,0.22766414179
7021,0.397786959658,0.200889151593
7022,0.525621506577,0.159841052376
7023,0.404319190451,0.198287120327
7024,0.26940698101,0.270704142424
7025,0.141362027118,0.41431538007
7026,0.47257353846,0.174650055029
7027,0.41874839973,0.19277167901
7028,0.338504380165,0.228047893073
7029,0.359703671516,0.217531436437
7030,0.133333333333,0.428571428571
7031,0.242803819908,0.291712035259
7032,0.278518957568,0.264187560492
7033,0.446548021084,0.182966539338
7034,0.384184258092,0.206532943458
7035,0.225903503215,0.306839291427
7036,0.450348087193,0.181703184452
7037,0.27197463457,0.268835535293
7038,0.345178647253,0.224628922831
7039,0.28394799614,0.260451938818
7040,0.34025190461,0.227142685705
7041,0.31587216743,0.240458505838
7042,0.285981425609,0.259079824482
7043,0.390054746933,0.204058833479
7044,0.25027738145,0.285488031188
7045,0.376060501586,0.21005733445
7046,0.202452583623,0.330630338158
7047,0.35471383393,0.219918534556
7048,0.355870327152,0.219360625256
7049,0.350442322924,0.222004005642
7050,0.353109988343,0.22069696668
7051,0.463440197499,0.177481124783
7052,0.100708024786,0.498236182169
7053,0.381613236513,0.207635489265
7054,0.309049282832,0.24446931995
7055,0.522372820022,0.160675397098
7056,0.261240417483,0.276823952028
7057,0.32826038235,0.233502803718
7058,0.242628162571,0.291861589105
7059,0.402765210104,0.198899999424
7060,0.380158000299,0.208264779381
7061,0.215071422772,0.317388353156
7062,0.473504705571,0.174366485625
7063,0.283789832957,0.260559273365
7064,0.388113207676,0.204870506324
7065,0.0876054691223,0.533033500931
7066,0.394008302865,0.202425747543
7067,0.590622479972,0.144796908441
7068,0.266791080544,0.272634764868
7069,0.163869833437,0.378974734237
7070,0.356588676382,0.219015506018
7071,0.309135936892,0.244417541904
7072,0.385964799496,0.205776221043
7073,0.478538160954,0.172849444944
7074,0.438687804633,0.185636279752
7075,0.458251110993,0.179130857119
7076,0.399303726358,0.200278897835
7077,0.212765803593,0.319728048435
7078,0.414969391722,0.194186298463
7079,0.557839670393,0.152012723617
7080,0.588382896158,0.145267990472
7081,0.311125111211,0.243234960047
7082,0.349841101599,0.222300718286
7083,0.375111424236,0.210476942668
7084,0.196184996644,0.337626824901
7085,0.315764892732,0.240520548387
7086,0.313188147497,0.242020495035
7087,0.471520480123,0.174971857489
7088,0.41031673516,0.195956732574
7089,0.345633327288,0.224399733764
7090,0.46113996992,0.178208656236
7091,0.198524483993,0.334980898928
7092,0.422400879928,0.191423873585
7093,0.430702094376,0.18842963135
7094,0.311232805292,0.24317126142
7095,0.385845815636,0.205826615732
7096,0.33083542908,0.232107188152
7097,0.352722325702,0.220885947793
7098,0.355482944413,0.219547188817
7099,0.588441303067,0.145255666031
7100,0.401776003108,0.199292113175
7101,0.253264646544,0.28307389652
7102,0.306600821442,0.245941460829
7103,0.4625,0.17777777777777778
7104,0.330714286587,0.232172470508
7105,0.272560514604,0.268412770758
7106,0.35869364071,0.218010434688
7107,0.358491182043,0.218106702847
7108,0.393848983657,0.202491051535
7109,0.335681286835,0.229525579872
7110,0.321416628579,0.237294860284
7111,0.287088565908,0.25833881134
7112,0.299464495912,0.250335138725
7113,0.310297494246,0.243725592777
7114,0.399952008951,0.200019198262
7115,0.225445262972,0.307271333701
7116,0.381256540259,0.207789383904
7117,0.272110868508,0.268737111606
7118,0.5142857142857143,0.1627906976744186
7119,0.465925672916,0.176701649679
7120,0.417682128206,0.19316873145
7121,0.438647012552,0.185650338106
7122,0.250412418176,0.285378014057
7123,0.187593346635,0.347713190065
7124,0.308736671201,0.244656295962
7125,0.296427962589,0.252252639665
7126,0.365391573282,0.214872820526
7127,0.320375237972,0.237882708036
7128,0.510321677148,0.163848022681
7129,0.376680120944,0.20978428847
7130,0.289695193438,0.256610811947
7131,0.505439224856,0.165169344658
7132,0.274928431502,0.266717569536
7133,0.396874817846,0.201257935416
7134,0.311531356233,0.242994849567
7135,0.259296780472,0.278321447436
7136,0.438071060175,0.185849058612
7137,0.270901832753,0.269613119077
7138,0.619621932263,0.138961856937
7139,0.196064654987,0.337764060369
7140,0.421604370423,0.191716185045
7141,0.207342786856,0.325369601229
7142,0.20692763551,0.32580969724
7143,0.372949202144,0.211439198008
7144,0.302859391597,0.248225564765
7145,0.447567360981,0.182625932672
7146,0.142049278171,0.413139013491
7147,0.436315154877,0.186457531716
7148,0.510495991191,0.163801239391
7149,0.397310259234,0.201081715374
7150,0.291253486727,0.255588776566
7151,0.195533358856,0.338371276891
7152,0.22461596521,0.308056321061
7153,0.30571349069,0.246479356232
7154,0.304359001576,0.247304992866
7155,0.387023095069,0.205329071686
7156,0.30824367572,0.244951743156
7157,0.371032618509,0.212299522518
7158,0.300595741858,0.249628215058
7159,0.332248979299,0.231348146067
7160,0.189991269808,0.344837967247
7161,0.438887250891,0.185567574357
7162,0.327069457779,0.234153948915
7163,0.380321785549,0.208193763033
7164,0.341990280533,0.226249319056
7165,0.434914963508,0.18694560224
7166,0.452505609982,0.180993637337
7167,0.139347197442,0.41780309554
7168,0.406688482186,0.197359923337
7169,0.392876480744,0.20289059005
7170,0.211861269681,0.320655399441
7171,0.358343972425,0.21817675374
7172,0.172502500541,0.366969109646
7173,0.426912583318,0.189784801438
7174,0.470509232221,0.175282001328
7175,0.319806210858,0.238205146597
7176,0.366766149416,0.214240043168
7177,0.403790229314,0.198495314481
7178,0.266459162755,0.272881701874
7179,0.323106929626,0.236346873563
7180,0.327473674959,0.233932533997
7181,0.32499999999999996,0.23529411764705882
7182,0.309307796071,0.244314916451
7183,0.25515994796,0.28156328036
7184,0.637904288426,0.135518930529
7185,0.354537093345,0.220004046895
7186,0.349161308152,0.222637164389
7187,0.3924052391,0.203084760395
7188,0.209728437794,0.322863475864
7189,0.442830174539,0.184219678069
7190,0.297622206138,0.251495008217
7191,0.317118342364,0.239740116518
7192,0.232492043461,0.300759076696
7193,0.602525513896,0.142343584713
7194,0.350266654716,0.222090618864
7195,0.157045028015,0.389036896657
7196,0.360957782856,0.216939606444
7197,0.293960454932,0.253832583317
7198,0.375211767384,0.210432499495
7199,0.38623748246,0.205660821322
7200,0.293380449847,0.254206837271
7201,0.357637537925,0.218513543389
7202,0.208875575407,0.323754961422
7203,0.272637752719,0.268357135771
7204,0.439464071096,0.185369156831
7205,0.377822000069,0.20928295471
7206,0.228218116808,0.304675442576
7207,0.300483650264,0.24969808364
7208,0.415603918205,0.193947323651
7209,0.354770505495,0.219891129244
7210,0.511082322468,0.163644072694
7211,0.0762486391248,0.567380267425
7212,0.346625874327,0.223901045032
7213,0.164269193674,0.378402032449
7214,0.157462112512,0.388406663117
7215,0.390694262494,0.203792886209
7216,0.379849354973,0.208398737986
7217,0.427294392248,0.189647380041
7218,0.358459863264,0.218121602376
7219,0.460013277807,0.178567194677
7220,0.313851283647,0.241632692591
7221,0.379318302033,0.208629629989
7222,0.414120071373,0.194507091958
7223,0.354984868734,0.219787528931
7224,0.374277332414,0.210847099715
7225,0.2518309098,0.284227443395
7226,0.223013694721,0.3095843973
7227,0.457499087472,0.17937249091
7228,0.195978293802,0.337862613894
7229,0.300992752716,0.249381065674
7230,0.305523815902,0.246594641495
7231,0.355595240382,0.219493074415
7232,0.257578069037,0.27965920916
7233,0.442851956423,0.184212286272
7234,0.067948218966,0.595421616351
7235,0.1824555366,0.354038023838
7236,0.527712353505,0.159308637852
7237,0.310797153152,0.243429145584
7238,0.0348789327433,0.741405629227
7239,0.283237181983,0.260935015446
7240,0.401902932276,0.199241713027
7241,0.427233042791,0.189669447633
7242,0.0,1.0
7243,0.267242906371,0.272299337211
7244,0.22687594562,0.305926457239
7245,0.333030879189,0.230930413525
7246,0.461364159887,0.178137485692
7247,0.297820233554,0.251369818741
7248,0.255423030851,0.281354868199
7249,0.321639554982,0.237169399356
7250,0.176955029434,0.36106944945
7251,0.305652571113,0.246516371696
7252,0.46128561604,0.178162413471
7253,0.423049353833,0.191186547249
7254,0.275186209433,0.266534316789
7255,0.302502617421,0.24844558935
7256,0.382446484093,0.207276875876
7257,0.445910006053,0.183180375687
7258,0.432372195271,0.18783851014
7259,0.341203594432,0.226652731895
7260,0.207269832373,0.325446853106
7261,0.438808728146,0.18559461786
7262,0.359573605409,0.217593001041
7263,0.322182498927,0.236864389817
7264,0.344648541334,0.224896723376
7265,0.386401739507,0.205591370009
7266,0.371956664066,0.211883860561
7267,0.254392851103,0.282172734831
7268,0.325215214122,0.235175028265
7269,0.291558620879,0.255389601117
7270,0.384763538823,0.206286141575
7271,0.212007388075,0.320505231036
7272,0.282507388354,0.26143285867
7273,0.435742343046,0.186656890757
7274,0.155433389304,0.391491497147
7275,0.273379106386,0.267824305886
7276,0.214198883568,0.318269749608
7277,0.305679380071,0.246500080883
7278,0.43,0.18867924528301888
7279,0.391032459742,0.203652524423
7280,0.272963572338,0.268122699955
7281,0.370751107367,0.212426478525
7282,0.0820922599701,0.549172161499
7283,0.140418932652,0.415940620387
7284,0.231131290664,0.301995017745
7285,0.297596273262,0.251511411763
7286,0.281571560316,0.262074039053
7287,0.458511838163,0.179047234395
7288,0.441459353865,0.18468606976
7289,0.111387241394,0.473065447755
7290,0.485711748478,0.170732446907
7291,0.26332810516,0.275233318259
7292,0.30563667475,0.246526032345
7293,0.327920743467,0.233688133905
7294,0.428029111388,0.189383497696
7295,0.320247076893,0.237955254179
7296,0.201412088949,0.33177169618
7297,0.381178807721,0.207822951459
7298,0.318886453012,0.238728178677
7299,0.269277010932,0.270799418971
7300,0.222437530885,0.310137593864
7301,0.125,0.444444444444
7302,0.482605176421,0.171642827848
7303,0.424842765929,0.190533253941
7304,0.352956777513,0.220771616552
7305,0.406669828662,0.197367189327
7306,0.24379106951,0.290874338716
7307,0.0657599450828,0.603282053153
7308,0.134658823433,0.426150606812
7309,0.397415340272,0.201039236034
7310,0.354636310186,0.219956034658
7311,0.240008612071,0.294110197359
7312,0.321215320463,0.237408268745
7313,0.179581971793,0.357676853621
7314,0.351647460708,0.22141162898
7315,0.327053952906,0.234162450247
7316,0.2615443141,0.276591267239
7317,0.233034321894,0.300269351913
7318,0.57210300079,0.148786718528
7319,0.442726039868,0.184255024919
7320,0.445560925268,0.183297584868
7321,0.313373105078,0.241912206604
7322,0.357362963573,0.218644726322
7323,0.408228507673,0.196761886613
7324,0.416163844329,0.193736932756
7325,0.380961945481,0.207916657315
7326,0.196360027184,0.337427422146
7327,0.347719418097,0.223354172185
7328,0.091352479663,0.522595788548
7329,0.372894723436,0.211463556357
7330,0.228050036245,0.304831546872
7331,0.320047652913,0.238068227037
7332,0.396249062779,0.201511715589
7333,0.4927595377,0.168702473162
7334,0.353914772508,0.220305674229
7335,0.403848476514,0.19847236751
7336,0.354909959046,0.219823721181
7337,0.403893029473,0.19845481908
7338,0.432208743741,0.187896198956
7339,0.484321534972,0.171138652292
7340,0.366084790913,0.214553235698
7341,0.2742754442,0.267182903794
7342,0.392077223626,0.203220135374
7343,0.387664485481,0.205059016962
7344,0.440195586757,0.185118135823
7345,0.287655647058,0.257960901019
7346,0.488707726244,0.169863576682
7347,0.323693649132,0.236019586805
7348,0.195757727935,0.338114580127
7349,0.336170112266,0.22926834551
7350,0.359933257788,0.217422850613
7351,0.29025709368,0.256241338388
7352,0.381746502667,0.207578050793
7353,0.527862762912,0.159270474229
7354,0.411139634635,0.195641255782
7355,0.369213211189,0.21312272889
7356,0.406056023213,0.19760657993
7357,0.349672198183,0.222384217668
7358,0.178211863191,0.359438303072
7359,0.322481474879,0.236696768843
7360,0.422841758844,0.191262458112
7361,0.30417957244,0.247414780011
7362,0.425,0.19047619047619047
7363,0.27868767339,0.264069857634
7364,0.196156261664,0.33765958362
7365,0.198238294489,0.335302346639
7366,0.408377514956,0.196704214994
7367,0.322215215714,0.236846035572
7368,0.482089993522,0.171794741557
7369,0.375650589161,0.210238360424
7370,0.39089893406,0.203707918396
7371,0.174885822542,0.363787404804
7372,0.192706288986,0.34163939677
7373,0.211740813325,0.320779300385
7374,0.308617004209,0.244727945656
7375,0.145725191577,0.4069586816
7376,0.213261095371,0.319222531868
7377,0.251379675216,0.284592442458
7378,0.486582302877,0.17047906067
7379,0.356571377681,0.219023804137
7380,0.0569557067504,0.637122421799
7381,0.28006776712,0.263110972966
7382,0.374275463876,0.210847930405
7383,0.228265405163,0.304631552479
7384,0.0401815417119,0.713360680578
7385,0.352925018071,0.220787097224
7386,0.254429919033,0.282143223892
7387,0.439523960012,0.185348580252
7388,0.267957624446,0.27177042506
7389,0.580776398685,0.14689110873
7390,0.43589308869,0.186604384551
7391,0.378119186355,0.209152869941
7392,0.292460366127,0.254802799546
7393,0.364383898537,0.215339076818
7394,0.288915820053,0.25712505083
7395,0.288664107745,0.257291573899
7396,0.403583216832,0.198576911735
7397,0.535771490945,0.157289216997
7398,0.314006750023,0.241541955523
7399,0.328817369224,0.233199509108
7400,0.477689676047,0.173103318523
7401,0.404525671422,0.198205969814
7402,0.339361738128,0.22760288692
7403,0.360451905917,0.217177947827
7404,0.291200204061,0.255623588541
7405,0.353508717081,0.220502928023
7406,0.339477334743,0.227543020071
7407,0.291074037448,0.255706056717
7408,0.55667741743,0.152281770845
7409,0.321119774093,0.237462133464
7410,0.0833642146882,0.545362682517
7411,0.445878744487,0.183190866122
7412,0.443751359892,0.183907586033
7413,0.170222475634,0.37006544243
7414,0.365181159301,0.214970013296
7415,0.426728388013,0.189851168602
7416,0.302928441843,0.248183026104
7417,0.270080503906,0.270211478164
7418,0.295994826027,0.252528551959
7419,0.300079995931,0.24995001254
7420,0.39360201872,0.202592364309
7421,0.208329004663,0.324328877555
7422,0.346050792087,0.224189715104
7423,0.061833209667,0.617920142632
7424,0.6999999999999998,0.12500000000000003
7425,0.398912084401,0.200436115153
7426,0.509118672394,0.164171621282
7427,0.347565353813,0.223431056823
7428,0.375932506615,0.210113826246
7429,0.162488110245,0.380969636707
7430,0.441224308755,0.184766275983
7431,0.0,1.0
7432,0.262662637549,0.275738357488
7433,0.385641348708,0.20591327379
7434,0.232198524952,0.301024816454
7435,0.135685410812,0.42429440013
7436,0.153543930647,0.394408967884
7437,0.516158282329,0.162295960093
7438,0.418253092744,0.192955915556
7439,0.0771667193992,0.564440095403
7440,0.211798986423,0.320719451809
7441,0.304302232092,0.247339717821
7442,0.30989770502,0.243963307858
7443,0.355943921036,0.21932521827
7444,0.524526909671,0.160121202868
7445,0.386575591656,0.205517912766
7446,0.372849924041,0.211483591126
7447,0.271979671578,0.268831894969
7448,0.428731286517,0.189131989254
7449,0.299172025258,0.250518557595
7450,0.480279698561,0.172330688542
7451,0.313877714899,0.241617261332
7452,0.385683006145,0.205895612436
7453,0.247999026664,0.287357125561
7454,0.35979580191,0.217487849138
7455,0.259503957283,0.278161054904
7456,0.435319389765,0.186804367471
7457,0.293726370637,0.253983495792
7458,0.546262891881,0.154735791357
7459,0.429605722748,0.188819711919
7460,0.202399263022,0.330688636608
7461,0.288977910916,0.25708400707
7462,0.387402523297,0.205169229169
7463,0.282623455179,0.26135355438
7464,0.559323332925,0.151670652328
7465,0.324483955396,0.235580164406
7466,0.555796411829,0.152486348196
7467,0.354451459857,0.220045502839
7468,0.48191775344,0.171845590565
7469,0.318437631555,0.238984241518
7470,0.450530726367,0.181642904221
7471,0.444107122744,0.183787338596
7472,0.307396458234,0.245461142283
7473,0.200231464716,0.333076348591
7474,0.187065555421,0.348352486432
7475,0.293813498411,0.253927304177
7476,0.379224926182,0.208670280982
7477,0.314767202666,0.241099101755
7478,0.362270500184,0.216323559388
7479,0.386583418346,0.205514607012
7480,0.372167709252,0.211789154659
7481,0.412250792512,0.195216877088
7482,0.349442839066,0.222497704509
7483,0.428515179799,0.189209324201
7484,0.397765471319,0.200897823899
7485,0.269274420898,0.270801318317
7486,0.356134495515,0.219233583479
7487,0.482142857143,0.171779141104
7488,0.371413527732,0.21212798131
7489,0.423512851201,0.191017278316
7490,0.417214548372,0.193343362662
7491,0.441661973267,0.184616984273
7492,0.0411596604342,0.70841768599
7493,0.32778701063,0.23376118843
7494,0.281565151071,0.262078441176
7495,0.250073965352,0.285653918592
7496,0.165273752915,0.376969070258
7497,0.246467783741,0.288627124058
7498,0.372995485183,0.21141850849
7499,0.405523243281,0.197814841017
7500,0.122354312655,0.449732675772
7501,0.283111924376,0.261020327579
7502,0.451261493635,0.181402113434
7503,0.325357850858,0.2350961662
7504,0.273739252683,0.267566222392
7505,0.265060379662,0.273927288666
7506,0.155129923539,0.391957158975
7507,0.398446905249,0.200623173596
7508,0.408285072752,0.196739989744
7509,0.387686636452,0.205049703079
7510,0.140950140962,0.415023621072
7511,0.126200946733,0.44208479869
7512,0.202148832544,0.330962721776
7513,0.243739522122,0.290917958408
7514,0.2632677684,0.275279032986
7515,0.450136696235,0.181773004209
7516,0.269111157088,0.270921098102
7517,0.350522880389,0.221964309368
7518,0.307307548688,0.24551472302
7519,0.458089240752,0.179182812887
7520,0.305372077653,0.24668694642
7521,0.345902219743,0.224264413973
7522,0.381226331671,0.207802427712
7523,0.495837431734,0.167831013417
7524,0.318812534744,0.238770312978
7525,0.234697413066,0.298777331692
7526,0.241445791624,0.292872258066
7527,0.258660122368,0.278815496241
7528,0.221717124857,0.310832070392
7529,0.44822490104,0.182406891424
7530,0.389771166434,0.204176984791
7531,0.331514476352,0.231741935625
7532,0.154920100489,0.392279776323
7533,0.446237877047,0.183070424447
7534,0.273005834015,0.268092321569
7535,0.43333333333333335,0.18749999999999997
7536,0.322279690127,0.236809873499
7537,0.38366053404,0.206756584344
7538,0.449995270071,0.181819745444
7539,0.492005429337,0.168917369748
7540,0.444354606999,0.183703781899
7541,0.388782697964,0.204589893252
7542,0.252409975941,0.283760412097
7543,0.269485111629,0.270646899841
7544,0.26248099757,0.275876530551
7545,0.149228499379,0.401238222151
7546,0.411114896604,0.195650724846
7547,0.356380898331,0.219115217937
7548,0.3,0.25
7549,0.315312956515,0.240782278596
7550,0.136085753627,0.423574902186
7551,0.25808097107,0.279266445522
7552,0.381406563759,0.207724629301
7553,0.314882273837,0.241032230842
7554,0.28904458588,0.257039947681
7555,0.318027173353,0.239218898613
7556,0.376350824155,0.209929310351
7557,0.379052255633,0.208745494514
7558,0.28102347747,0.262451019197
7559,0.44274345037,0.184249114258
7560,0.375472515693,0.210317098674
7561,0.352275489899,0.221104177063
7562,0.546702499898,0.154630606834
7563,0.307601030318,0.245337947066
7564,0.363555073712,0.215724097677
7565,0.506305091289,0.164933465736
7566,0.270773106323,0.269706724394
7567,0.359527464043,0.217614849655
7568,0.412679974981,0.195053454162
7569,0.411213876694,0.195612843389
7570,0.408184945598,0.19677875322
7571,0.367347742053,0.213973431349
7572,0.30521796833,0.246780764467
7573,0.471967912313,0.174834982605
7574,0.470644287538,0.17524051705
7575,0.314985193689,0.240972452802
7576,0.297158128136,0.251788879329
7577,0.363606406763,0.215700211518
7578,0.459122214838,0.178851773988
7579,0.260338219692,0.277517050746
7580,0.414805368183,0.194248168687
7581,0.328376710897,0.233439394477
7582,0.336327028365,0.229185893834
7583,0.344585478398,0.22492862421
7584,0.5,0.16666666666666666
7585,0.495003948957,0.168066111452
7586,0.334413234675,0.230195565001
7587,0.309838061981,0.243998811425
7588,0.397249501302,0.201106285151
7589,0.346865860329,0.223780800633
7590,0.237047366244,0.296694203887
7591,0.2474108342,0.287843642615
7592,0.303622729467,0.24775611654
7593,0.436526841931,0.186383964761
7594,0.254027420813,0.282463996067
7595,0.335447735188,0.229648685523
7596,0.429017224126,0.189029762056
7597,0.420001456914,0.19230715351
7598,0.335827076373,0.229448800731
7599,0.353154711618,0.220675185398
7600,0.310231232147,0.243764960256
7601,0.521344996398,0.160941184977
7602,0.330554341342,0.232258719511
7603,0.162494490984,0.380960376064
7604,0.356990776607,0.218822797131
7605,0.395356726823,0.201874718935
7606,0.16685132316,0.374740506496
7607,0.248255540713,0.287145467364
7608,0.252304128769,0.283845665816
7609,0.292599276464,0.254712644661
7610,0.473968570398,0.174225567666
7611,0.359973670425,0.217403748149
7612,0.357185434933,0.218729627759
7613,0.329164127395,0.233011087406
7614,0.224025260575,0.308617913994
7615,0.435774135139,0.186645814797
7616,0.42795404269,0.189410425746
7617,0.37388080567,0.211023529131
7618,0.356661173313,0.218980736362
7619,0.365258287376,0.214934376697
7620,0.286454606935,0.258762602917
7621,0.439376487908,0.185399256812
7622,0.288303546495,0.25753048331
7623,0.349520131206,0.222459447437
7624,0.268869172331,0.271098827175
7625,0.0691954776487,0.591032345484
7626,0.418277496884,0.192946829838
7627,0.418271727961,0.192948977544
7628,0.366511210816,0.214357120861
7629,0.466486465318,0.176526724154
7630,0.343728029386,0.225363270692
7631,0.284217674211,0.260269130527
7632,0.258904370764,0.278625751442
7633,0.264002705299,0.274723232944
7634,0.258500511551,0.27893962987
7635,0.632248584671,0.136565644637
7636,0.388758682616,0.204599945856
7637,0.315462746788,0.240695467339
7638,0.339356421466,0.227605641147
7639,0.0459260921743,0.685278407103
7640,0.0995362823596,0.501161988273
7641,0.38144935582,0.207706166373
7642,0.188354222515,0.346795684585
7643,0.380083436717,0.208297125774
7644,0.435569814358,0.186717020488
7645,0.376773816709,0.209743061585
7646,0.382937104586,0.207066301285
7647,0.462693920433,0.177716510466
7648,0.326967417616,0.234209908939
7649,0.392788178464,0.202926945837
7650,0.308274760675,0.244933093181
7651,0.177282603856,0.360642891437
7652,0.348834988233,0.222799029981
7653,0.350524394336,0.221963563477
7654,0.639942970881,0.135145550313
7655,0.34201653399,0.226235881036
7656,0.487114013894,0.170324668861
7657,0.370850064968,0.212381833284
7658,0.230911076561,0.302195988842
7659,0.38448306845,0.206405561953
7660,0.345415414427,0.224509517994
7661,0.330628115613,0.232218929453
7662,0.37940004012,0.208594058472
7663,0.326451391426,0.234493313917
7664,0.428754479349,0.189123693331
7665,0.248235799653,0.287161745288
7666,0.289511455003,0.256731859142
7667,0.121296658833,0.451882104897
7668,0.187924417498,0.347313370881
7669,0.602371226328,0.142374852858
7670,0.422203518119,0.191496220401
7671,0.0547571033559,0.646173893356
7672,0.31989656863,0.238153887102
7673,0.361799310959,0.216544281524
7674,0.228450892689,0.304459516555
7675,0.235050882292,0.298462130038
7676,0.499456379401,0.166817809329
7677,0.2078127193,0.324872864992
7678,0.4357564515,0.186651975389
7679,0.34754935451,0.223439044191
7680,0.384407450836,0.206437782547
7681,0.395555237063,0.201793851666
7682,0.125,0.444444444444
7683,0.3400540279,0.227244823726
7684,0.37126822973,0.21219338307
7685,0.317200963888,0.239692638933
7686,0.229499802209,0.303490318749
7687,0.44329837293,0.184060923026
7688,0.488614977223,0.169890342362
7689,0.310894287346,0.243371599654
7690,0.339653396129,0.227451899338
7691,0.26045043257,0.277430656102
7692,0.62316152765,0.138281692508
7693,0.306544658821,0.245975436721
7694,0.56744466895,0.149825153533
7695,0.422634797216,0.191338197404
7696,0.40871871218,0.196572285638
7697,0.528776769737,0.159038954384
7698,0.363915178679,0.21555664612
7699,0.552947907638,0.153151574314
7700,0.432757427178,0.187702685873
7701,0.292079436899,0.255050356099
7702,0.296172597502,0.252415236769
7703,0.156854809513,0.389325005008
7704,0.303420753644,0.247880157619
7705,0.328797153082,0.233210503571
7706,0.514159580017,0.162824131144
7707,0.50206778603,0.166094254369
7708,0.266815036405,0.272616959709
7709,0.115489930428,0.464058806838
7710,0.376051633545,0.210061247465
7711,0.385004336432,0.206183723502
7712,0.221021174573,0.311505931449
7713,0.445797167005,0.183218246714
7714,0.2949230808,0.253213865843
7715,0.270661215471,0.269788140291
7716,0.278485751517,0.264210738711
7717,0.375606329938,0.210257924896
7718,0.381001420794,0.207899593799
7719,0.37045610485,0.212559681911
7720,0.312616382,0.242355864581
7721,0.221966713353,0.310591113468
7722,0.418534272664,0.192851283458
7723,0.297817570256,0.251371501605
7724,0.319713898937,0.238257537464
7725,0.30636297666,0.246085410689
7726,0.106597616634,0.484032689384
7727,0.503676725225,0.165651574463
7728,0.277544554452,0.26486940103
7729,0.364368015652,0.215346442109
7730,0.306948157204,0.245731546463
7731,0.332128770336,0.231412502163
7732,0.671214232783,0.129665656765
7733,0.324644618643,0.235491033231
7734,0.4266768425,0.18986974921
7735,0.316661421171,0.240003021444
7736,0.541297582005,0.155933848506
7737,0.324281640891,0.235692498478
7738,0.159659487058,0.385119762551
7739,0.450033864002,0.181806987796
7740,0.512523034879,0.163259166277
7741,0.360136332551,0.217326894065
7742,0.577005991956,0.147709180108
7743,0.279237426522,0.263687054616
7744,0.447012319244,0.182811239312
7745,0.400812134844,0.199675672857
7746,0.372742234714,0.211531766482
7747,0.139242810544,0.417985392216
7748,0.294866651612,0.253250051864
7749,0.322574563387,0.23664462716
7750,0.279063266589,0.263808205157
7751,0.148307389912,0.402726636672
7752,0.421893866664,0.191609839447
7753,0.280888584345,0.262543967213
7754,0.363437845723,0.215778665733
7755,0.403837075829,0.198476858488
7756,0.335189477834,0.229784967453
7757,0.275797522203,0.266100743331
7758,0.5666666666666668,0.14999999999999997
7759,0.212149964068,0.320358838735
7760,0.376601602231,0.209818849815
7761,0.367670165807,0.213825912601
7762,0.455323777272,0.180075127507
7763,0.352069665381,0.221204844425
7764,0.321614330309,0.237183588914
7765,0.427887206415,0.18943440717
7766,0.307900898484,0.245157586982
7767,0.342601500632,0.225936875174
7768,0.273014358161,0.268086195108
7769,0.387762876619,0.205017652621
7770,0.123406634562,0.447614280552
7771,0.51601109324,0.162334738931
7772,0.39780578173,0.20088155596
7773,0.382039830445,0.207451736732
7774,0.540540306806,0.156118200428
7775,0.449087326523,0.182120393551
7776,0.396826351405,0.201277568545
7777,0.387376270814,0.205180280593
7778,0.200397493659,0.332892258128
7779,0.472258486175,0.174746207205
7780,0.417058229554,0.193401814891
7781,0.364938579908,0.215082172832
7782,0.147968642918,0.403276796708
7783,0.460268734543,0.178485776262
7784,0.480422067943,0.172288418244
7785,0.397433186556,0.201032023401
7786,0.478518749784,0.172855244601
7787,0.275937642674,0.266001561558
7788,0.329009329715,0.233095163843
7789,0.357642582051,0.218511134938
7790,0.208010953059,0.324663779021
7791,0.347054999433,0.223686123915
7792,0.500069390364,0.166647393795
7793,0.268105916105,0.271660942204
7794,0.323395573246,0.236185747605
7795,0.316311820307,0.240204565718
7796,0.312550385611,0.242394634663
7797,0.238851813571,0.295114253473
7798,0.0,1.0
7799,0.391994448079,0.203254326122
7800,0.347293208011,0.223566998579
7801,0.345571877505,0.224430681218
7802,0.381023566536,0.207890022354
7803,0.367137070231,0.214069930161
7804,0.298442192624,0.250977436254
7805,0.418906351009,0.192713000728
7806,0.128862606716,0.436943375919
7807,0.409684158995,0.196199937226
7808,0.434585570583,0.187060791579
7809,0.183387114717,0.352874195074
7810,0.308456582381,0.244824062859
7811,0.474356978897,0.17410774775
7812,0.277990846324,0.264556671074
7813,0.339248135188,0.227661751955
7814,0.410298270538,0.195963823069
7815,0.231058568747,0.302061355423
7816,0.300212038164,0.249867546361
7817,0.445458854432,0.18333188505
7818,0.554874438684,0.152701028003
7819,0.464993134348,0.176993301194
7820,0.220980531822,0.31154537452
7821,0.455845825269,0.179906001726
7822,0.50406929073,0.16554392275
7823,0.387281773002,0.205220070892
7824,0.281045924998,0.26243555813
7825,0.363361548164,0.215814196056
7826,0.256653728392,0.280384002856
7827,0.17961220652,0.357638177691
7828,0.260779078042,0.277177935436
7829,0.409886124089,0.196122222739
7830,0.312790407737,0.242253691282
7831,0.327941367617,0.233676871569
7832,0.22916959451,0.303794766186
7833,0.225443456144,0.307273039639
7834,0.247202688725,0.288016202776
7835,0.429230326971,0.188953646274
7836,0.160706670913,0.383572847023
7837,0.333800535618,0.230520692782
7838,0.405193155908,0.197944090949
7839,0.428451232086,0.189232220361
7840,0.322958777974,0.236429659833
7841,0.345715590508,0.224358317567
7842,0.176699370664,0.361403062682
7843,0.356871619872,0.218879868327
7844,0.340955577214,0.226780213625
7845,0.322367038976,0.236760899341
7846,0.333195741408,0.230842527849
7847,0.369653226016,0.212923055694
7848,0.294547210586,0.253455093122
7849,0.438340934492,0.185755891096
7850,0.464867191668,0.177032763586
7851,0.345992615454,0.224218959092
7852,0.471084564245,0.175105415662
7853,0.329872873388,0.23262691412
7854,0.301881832154,0.248829362263
7855,0.604531192656,0.141938357084
7856,0.336805760085,0.228934709974
7857,0.277081422004,0.265194714363
7858,0.352336828558,0.221074194464
7859,0.28013239879,0.263066237759
7860,0.34015302843,0.227193711143
7861,0.225472804285,0.307245332585
7862,0.139751764511,0.417098077272
7863,0.310944238432,0.243342017354
7864,0.301761865,0.248903663368
7865,0.337556439607,0.22854194556
7866,0.421840623925,0.191629389157
7867,0.127515621223,0.43953025934
7868,0.382242996285,0.207364338664
7869,0.102800089246,0.493096429946
7870,0.336966487452,0.228850501976
7871,0.363672996679,0.215669233956
7872,0.382910384429,0.207077758575
7873,0.362841247458,0.21605680252
7874,0.252261223241,0.283880238307
7875,0.348842764756,0.222795169828
7876,0.309800351065,0.244021264843
7877,0.257103437171,0.28003090867
7878,0.363692403921,0.215660207401
7879,0.201356560924,0.331832828505
7880,0.497004108388,0.167503034895
7881,0.364579635311,0.21524835012
7882,0.402514886036,0.198999079985
7883,0.366408369139,0.214404385977
7884,0.147039774507,0.404793115601
7885,0.124877829702,0.444685899594
7886,0.377319533361,0.20950326356
7887,0.363375189224,0.215807842814
7888,0.335385332328,0.229681600584
7889,0.356640496126,0.218990652052
7890,0.560680055836,0.151359192875
7891,0.453688652667,0.180606916032
7892,0.349380490286,0.222528574697
7893,0.359298224241,0.217723463149
7894,0.424786484663,0.190553687876
7895,0.31597650646,0.240398191838
7896,0.41669609216,0.193537364647
7897,0.172797732206,0.366571962279
7898,0.363483434686,0.215757441402
7899,0.256998581222,0.280113158035
7900,0.274541957925,0.26699278381
7901,0.413483589634,0.194748190631
7902,0.414237649915,0.194462618629
7903,0.142377823374,0.412579000041
7904,0.201300800313,0.331894239565
7905,0.142075804681,0.413093741986
7906,0.257951727928,0.279367278316
7907,0.1308555688,0.433171270331
7908,0.244532989826,0.290247967402
7909,0.35839324302,0.218153302918
7910,0.381209286173,0.207809788533
7911,0.287973702029,0.257749428575
7912,0.414807189409,0.194247481498
7913,0.564152292102,0.150567876057
7914,0.332596945889,0.231162057315
7915,0.248409855047,0.287018287662
7916,0.0,1.0
7917,0.346614118264,0.223906938699
7918,0.209417881514,0.323187527206
7919,0.110223372506,0.475684500766
7920,0.292917178143,0.254506561593
7921,0.184740313212,0.351197197446
7922,0.304546529005,0.247190354706
7923,0.28506557449,0.259696027443
7924,0.31598988342,0.240390461369
7925,0.0502985341353,0.665342483713
7926,0.39153611833,0.203443849335
7927,0.386566572718,0.20552172222
7928,0.268520482809,0.271355337532
7929,0.226999835413,0.305810551476
7930,0.314330002053,0.241353509291
7931,0.367894763766,0.213723272291
7932,0.378042146352,0.209186576462
7933,0.268129954459,0.271643203137
7934,0.439874206103,0.185228334433
7935,0.171567482345,0.368232599634
7936,0.375394826609,0.210351468722
7937,0.469039152867,0.175734832122
7938,0.482012880396,0.171817503303
7939,0.352838095468,0.220829477468
7940,0.302727202579,0.248307040994
7941,0.360434866674,0.217185984898
7942,0.279662770914,0.263391640321
7943,0.31137703631,0.243086004258
7944,0.542750820047,0.155581287306
7945,0.39529418669,0.201900209385
7946,0.290807581773,0.255880399112
7947,0.169160951639,0.371524916192
7948,0.45570614382,0.179951222624
7949,0.334760071154,0.230011922978
7950,0.369106305516,0.2131712979
7951,0.424188683561,0.190771001237
7952,0.287340258821,0.258170943305
7953,0.0265501020978,0.790200863866
7954,0.422744222971,0.191298144687
7955,0.411005330254,0.195692674967
7956,0.305589543874,0.246554679504
7957,0.465732007239,0.17676213953
7958,0.255853440435,0.281014565653
7959,0.389984376581,0.204088139907
7960,0.335717555241,0.229506474543
7961,0.378272501366,0.209085823907
7962,0.466739326162,0.176447963612
7963,0.26463900014,0.274243841064
7964,0.522944597576,0.160527919159
7965,0.277044279108,0.26522083888
7966,0.339672023909,0.227442262782
7967,0.504247650548,0.165495058043
7968,0.395669435348,0.201747359971
7969,0.295576710689,0.252795468737
7970,0.429749718467,0.188768387248
7971,0.311052300203,0.243278045034
7972,0.293093742717,0.25439224575
7973,0.48382416883,0.171284447166
7974,0.355408425905,0.219583113337
7975,0.396187746865,0.201536617202
7976,0.379311317733,0.208632670042
7977,0.363159052042,0.215908551412
7978,0.349152140043,0.222641708866
7979,0.31144161582,0.243047849695
7980,0.364675345429,0.215204014983
7981,0.331589049384,0.231701893602
7982,0.470615174314,0.175249457956
7983,0.274575466278,0.266968899468
7984,0.20868674037,0.323953014244
7985,0.465225522961,0.176920531607
7986,0.247946771387,0.287400281374
7987,0.447194362613,0.182750420751
7988,0.464704253929,0.177083843984
7989,0.153387970955,0.394651725664
7990,0.354927837907,0.219815082014
7991,0.456262808138,0.179771141513
7992,0.338007112509,0.228306794899
7993,0.306086168025,0.246253154808
7994,0.208574957355,0.324070368047
7995,0.379641335566,0.208489120067
7996,0.105839472272,0.485815470164
7997,0.199055650361,0.334385924089
7998,0.349972747876,0.222235680876
7999,0.310410598551,0.243658424888
8000,0.344106143332,0.2251713954
8001,0.618509436651,0.139177016889
8002,0.277377649273,0.264986546481
8003,0.28372694584,0.260601975139
8004,0.408732930462,0.196566791753
8005,0.049518391204,0.668814044846
8006,0.505368198825,0.165188723481
8007,0.335141338546,0.229810388354
8008,0.302349950094,0.248539859335
8009,0.395930892824,0.201640997661
8010,0.413412054207,0.194775325551
8011,0.414001675805,0.194551894881
8012,0.529256229514,0.15891777516
8013,0.166342758487,0.375456049822
8014,0.320475397773,0.237826042926
8015,0.506970120382,0.164752755765
8016,0.33544744145,0.229648840436
8017,0.504971383369,0.165297074786
8018,0.353658991953,0.220429886267
8019,0.253874031034,0.282586432544
8020,0.322059523702,0.23693340485
8021,0.328651678584,0.23328964984
8022,0.358747411691,0.217984881116
8023,0.325898284943,0.234797846189
8024,0.392765543255,0.202936267295
8025,0.415310350012,0.194057813893
8026,0.218509476374,0.313962401177
8027,0.255326648643,0.281431185592
8028,0.356921273137,0.218856082829
8029,0.465286207605,0.176901538822
8030,0.505589349159,0.165128399532
8031,0.263589283895,0.275035608665
8032,0.38,0.20833333333333334
8033,0.254731809931,0.281903108773
8034,0.363769149428,0.215624519491
8035,0.439072175552,0.185503916795
8036,0.205220099426,0.32763242063
8037,0.414926324865,0.194202539608
8038,0.33814299577,0.228235989085
8039,0.48908309601,0.169755337876
8040,0.218034987913,0.314430813592
8041,0.247068467608,0.288127586724
8042,0.415577292261,0.193957339668
8043,0.406800501637,0.197316300353
8044,0.191577847527,0.342961582467
8045,0.426644598799,0.189881373944
8046,0.231410219143,0.30174084631
8047,0.345984739769,0.224222918595
8048,0.444302317962,0.183721429617
8049,0.403609280189,0.198566634758
8050,0.48571428571428565,0.17073170731707318
8051,0.408903452195,0.196500926784
8052,0.474580809783,0.174039923188
8053,0.383650066241,0.206761059245
8054,0.31504636719,0.240936935979
8055,0.224655355771,0.308018944466
8056,0.388841219603,0.204565400768
8057,0.302253746115,0.248599300729
8058,0.455141130763,0.180134373871
8059,0.368788287938,0.21331590949
8060,0.462167226522,0.177883012887
8061,0.407826236618,0.196917750185
8062,0.33685401647,0.228909421065
8063,0.350903818887,0.221776786559
8064,0.154770403174,0.392510271028
8065,0.269492779518,0.270641283249
8066,0.521559117791,0.160885742221
8067,0.274020353859,0.267365128578
8068,0.300221283023,0.249861774578
8069,0.377217098205,0.209548233657
8070,0.358436355778,0.218132787114
8071,0.389779137118,0.204173662007
8072,0.225251924276,0.307453984239
8073,0.463452081369,0.177477381496
8074,0.207146447555,0.32557758944
8075,0.251272677657,0.284679129237
8076,0.422508744895,0.191384356677
8077,0.264421278644,0.274407686543
8078,0.157159875035,0.388863153657
8079,0.349799904436,0.222321078804
8080,0.381199670226,0.207813941254
8081,0.223760419145,0.308870368602
8082,0.467608909994,0.176177643161
8083,0.322516217932,0.236677305523
8084,0.319790147437,0.238214261603
8085,0.339604499363,0.227477198584
8086,0.498491639083,0.167086711776
8087,0.314665765747,0.241158080219
8088,0.31826575945,0.239082443974
8089,0.49837251789,0.167119974615
8090,0.368207435434,0.213580546638
8091,0.408320432088,0.19672630429
8092,0.298011257449,0.251249174812
8093,0.432471378992,0.187803521364
8094,0.216491119242,0.315964631929
8095,0.341386335095,0.226558894213
8096,0.454134169542,0.180461710352
8097,0.323996525181,0.23585098948
8098,0.388154253532,0.204853280037
8099,0.40766146473,0.19698166386
8100,0.0826690441113,0.547438130453
8101,0.285004385263,0.259737301256
8102,0.120010979555,0.454522770647
8103,0.208182385669,0.324483178307
8104,0.511122685147,0.163633264532
8105,0.148037446683,0.403164930688
8106,0.529002700568,0.158981829346
8107,0.363063022728,0.215953326204
8108,0.132883558064,0.429399141921
8109,0.423991663497,0.190842730842
8110,0.232431180915,0.300814140613
8111,0.198580325423,0.334918249749
8112,0.437872121531,0.185917797181
8113,0.38163219119,0.207627317752
8114,0.467808413303,0.17611574196
8115,0.346752755837,0.223837455267
8116,0.363601568723,0.215702462516
8117,0.308774535678,0.244633633634
8118,0.562080973083,0.15103892736
8119,0.293140620368,0.254361912301
8120,0.339944242227,0.227301531425
8121,0.530077133885,0.158710727024
8122,0.164265852728,0.378406816347
8123,0.27271904307,0.268298606844
8124,0.184000377897,0.352112207528
8125,0.473243833987,0.174445836259
8126,0.456639395238,0.179649519699
8127,0.291368515234,0.255513655564
8128,0.230859756548,0.302242862787
8129,0.337478955646,0.228582423702
8130,0.226686298169,0.306104053217
8131,0.442006883108,0.184499501974
8132,0.0585473150418,0.630726543516
8133,0.416821158161,0.193490530372
8134,0.403862561525,0.198466819399
8135,0.21439333253,0.318072903122
8136,0.297511920851,0.251564782726
8137,0.368731384511,0.213341805785
8138,0.305202389364,0.246790252537
8139,0.458231445004,0.179137167737
8140,0.424427231676,0.19068422454
8141,0.416751905167,0.193516461188
8142,0.348669177019,0.222881368104
8143,0.286560081712,0.258691998297
8144,0.438666936945,0.185643471209
8145,0.309564968466,0.244161507207
8146,0.324030266646,0.235832222051
8147,0.363705796522,0.215653978773
8148,0.231261464431,0.301876344632
8149,0.162399622705,0.381098108943
8150,0.341557744649,0.226470945673
8151,0.241860868848,0.292516661345
8152,0.205763190726,0.327050485581
8153,0.348505402026,0.222962754848
8154,0.514020821615,0.162860926665
8155,0.338191338415,0.228210809373
8156,0.360867988788,0.216981874274
8157,0.386584946375,0.205513961632
8158,0.256026423452,0.280878028744
8159,0.431683193991,0.188081927603
8160,0.502124877928,0.166078505748
8161,0.224966447521,0.307724076632
8162,0.461852742034,0.177982578919
8163,0.270225429753,0.270105703076
8164,0.328245435078,0.233510953787
8165,0.277963438814,0.264575855045
8166,0.137236231001,0.421520775212
8167,0.422489243743,0.19139149982
8168,0.295370334514,0.252927423407
8169,0.0401693094098,0.713422934172
8170,0.43785838337,0.185922545956
8171,0.396221706467,0.201522824771
8172,0.26640377514,0.272922952177
8173,0.194276679963,0.339816257314
8174,0.458631826379,0.17900877694
8175,0.237261005525,0.296506261802
8176,0.307366803939,0.245479010644
8177,0.451038559868,0.181475503319
8178,0.0374589942654,0.72748968181
8179,0.421376845549,0.191799848524
8180,0.345925998407,0.224252455244
8181,0.448582146822,0.182288105035
8182,0.463619768952,0.177424578605
8183,0.380126548904,0.208278422071
8184,0.385345707257,0.206038702939
8185,0.47503606213,0.173902136902
8186,0.369860262562,0.212829234493
8187,0.333271964755,0.230801916889
8188,0.160838540969,0.383378927164
8189,0.356730260037,0.218947612518
8190,0.13903174355,0.418354476751
8191,0.419529641125,0.192481799082
8192,0.288072398101,0.257683876744
8193,0.358314665864,0.218190704876
8194,0.364765818592,0.215162122514
8195,0.384671198041,0.206325443732
8196,0.516665986854,0.16216234093
8197,0.277653425299,0.264793043836
8198,0.450874992457,0.181529387555
8199,0.425042923871,0.190460618463
8200,0.349119604591,0.22265783764
8201,0.431152378213,0.18826989034
8202,0.621354652948,0.138628065392
8203,0.378317108751,0.209066324768
8204,0.435204986961,0.18684429786
8205,0.35957620536,0.217591770056
8206,0.338450012731,0.228076170821
8207,0.358892156944,0.217916123618
8208,0.363562790083,0.215720506777
8209,0.123504565116,0.447418154291
8210,0.449333151755,0.182038895123
8211,0.289719813704,0.256594600746
8212,0.6000000000000001,0.14285714285714285
8213,0.414860011584,0.194227552636
8214,0.32218055833,0.23686547859
8215,0.338538724488,0.228030033418
8216,0.41419201887,0.194479875864
8217,0.357159018553,0.218742266786
8218,0.477681731856,0.173105699013
8219,0.374683875603,0.210666519635
8220,0.455823688979,0.17991316668
8221,0.285711227816,0.259261314653
8222,0.259060422328,0.278504657661
8223,0.15612620531,0.390432520869
8224,0.290625540775,0.255999645598
8225,0.329520946142,0.232817516581
8226,0.225906141151,0.306836807821
8227,0.328244524652,0.233511450219
8228,0.22052410049,0.311989020006
8229,0.279895433907,0.263230328861
8230,0.393289159479,0.202720854652
8231,0.487241782707,0.170287610563
8232,0.433333333333,0.1875
8233,0.533674370794,0.157809759411
8234,0.448150407065,0.182431680632
8235,0.485736254654,0.170725303762
8236,0.277780705862,0.264703830683
8237,0.339681123302,0.227437555766
8238,0.385624148849,0.205920566836
8239,0.34434180943,0.225051970978
8240,0.437488300092,0.186050561441
8241,0.101918625445,0.495249013208
8242,0.190693777861,0.344004611093
8243,0.279522038176,0.263489310082
8244,0.0647560149384,0.60695811341
8245,0.388110728981,0.204871546685
8246,0.398367700836,0.200655058167
8247,0.307622623693,0.245324950549
8248,0.420586058364,0.192091198743
8249,0.413048332028,0.194913410214
8250,0.208832719046,0.323799888525
8251,0.0,1.0
8252,0.307468744347,0.245417596778
8253,0.371162721438,0.212240899906
8254,0.316410728338,0.240147511086
8255,0.384627048785,0.206344239866
8256,0.511733226594,0.163469950058
8257,0.401797512177,0.19928357071
8258,0.276329876343,0.265724318706
8259,0.230553010149,0.302523337951
8260,0.5125000000000001,0.16326530612244897
8261,0.364809074137,0.215142099335
8262,0.217188786271,0.315269657467
8263,0.365664968023,0.214746667383
8264,0.284953380216,0.259771715588
8265,0.342663129302,0.225905419676
8266,0.329115207215,0.233037651238
8267,0.232960638939,0.300335800408
8268,0.282342742406,0.261545437925
8269,0.472146211083,0.174780498521
8270,0.278960076584,0.263880039558
8271,0.361335084447,0.216762183001
8272,0.366974708449,0.214144359835
8273,0.196023852162,0.337810616509
8274,0.240077456672,0.294050658278
8275,0.155084109825,0.392027555415
8276,0.408517199262,0.196650182423
8277,0.31806018892,0.239200006722
8278,0.393494086442,0.202636673361
8279,0.308295626717,0.244920575819
8280,0.270657788998,0.269790634294
8281,0.272013230062,0.268807644242
8282,0.323238573328,0.236273360468
8283,0.141503712788,0.414072309058
8284,0.29962638884,0.250233725281
8285,0.257883817372,0.279420289898
8286,0.417959741765,0.193065197807
8287,0.0674286775623,0.597269245962
8288,0.319565414279,0.238341857066
8289,0.167475100768,0.373866575665
8290,0.347155904813,0.223635646815
8291,0.310496784811,0.243607267341
8292,0.280188083789,0.263027707243
8293,0.327643382827,0.233839699188
8294,0.388704165051,0.204622770075
8295,0.162796142049,0.380523089952
8296,0.402824279319,0.198876633673
8297,0.163385836506,0.37967113694
8298,0.40643562138,0.197458464173
8299,0.317255110265,0.23966153449
8300,0.395432744636,0.201843743843
8301,0.225499982209,0.30721967885
8302,0.407753703902,0.196945879925
8303,0.354309772851,0.220114129116
8304,0.504758089576,0.165355373866
8305,0.148126959167,0.403019487829
8306,0.362979376041,0.215992342586
8307,0.376310019702,0.209947294542
8308,0.35054919704,0.221951344397
8309,0.0552559844733,0.644097555011
8310,0.358715924647,0.217999843971
8311,0.452243816676,0.181079438068
8312,0.265887838437,0.273307799535
8313,0.39229026997,0.20313218867
8314,0.153638729504,0.394261555384
8315,0.314918620315,0.241011116647
8316,0.395802714144,0.201693127422
8317,0.316735254876,0.239960499694
8318,0.517408019977,0.16196744578
8319,0.209660823728,0.322933972713
8320,0.39268231148,0.202970550535
8321,0.374608139297,0.210700137061
8322,0.445625277299,0.18327596642
8323,0.380529888642,0.208103600553
8324,0.338072821379,0.22827254995
8325,0.236943477079,0.296785683067
8326,0.414782583433,0.19425676629
8327,0.433699944126,0.187371201928
8328,0.369440591901,0.213019499645
8329,0.0925107461231,0.51945152161
8330,0.31629533163,0.24021407977
8331,0.198823155894,0.334646087586
8332,0.268604410271,0.271293552691
8333,0.367555182576,0.213878497612
8334,0.185123025375,0.350725795885
8335,0.349413598563,0.222512181028
8336,0.301318453054,0.249178674041
8337,0.361521862874,0.216674459098
8338,0.247512517111,0.287759418945
8339,0.371011611407,0.21230899107
8340,0.371612781191,0.212038358561
8341,0.400720011791,0.199712409421
8342,0.482020395787,0.171815284694
8343,0.188013174728,0.347206339066
8344,0.386509410483,0.205545869916
8345,0.52691516289,0.159511216061
8346,0.311324128955,0.243117271661
8347,0.276577666677,0.265549470531
8348,0.441846609799,0.184554075252
8349,0.292163388637,0.254995756609
8350,0.302485810512,0.248455963883
8351,0.101050072588,0.497388529696
8352,0.247258420919,0.287969978483
8353,0.435518312413,0.186734977464
8354,0.418685359234,0.192795108286
8355,0.326671865452,0.234372144257
8356,0.0586807634245,0.630196110996
8357,0.244274028061,0.290466290946
8358,0.287584378136,0.258008334807
8359,0.305126081349,0.246836737015
8360,0.340089589721,0.227226461011
8361,0.436585321334,0.186363651826
8362,0.283647387026,0.260656017431
8363,0.472574623075,0.174649724193
8364,0.385535800281,0.205958036343
8365,0.34478493129,0.224827760486
8366,0.421801020203,0.191643933469
8367,0.331729395328,0.231626572298
8368,0.426183449379,0.19004778679
8369,0.375994248902,0.210086571909
8370,0.256037436065,0.280869340891
8371,0.562224889404,0.151006103214
8372,0.386305673717,0.205631982937
8373,0.333822655302,0.230508939028
8374,0.300782183081,0.249512089662
8375,0.345524866118,0.224454362944
8376,0.372065084983,0.211835196419
8377,0.38911424062,0.204451213429
8378,0.505332212094,0.165198543877
8379,0.315184352654,0.240856861201
8380,0.075,0.571428571429
8381,0.55599263579,0.152440735679
8382,0.355368299611,0.219602462634
8383,0.360751138503,0.217036902665
8384,0.169762027425,0.370697095343
8385,0.219000955476,0.313478684886
8386,0.644327354095,0.134349489441
8387,0.28251266127,0.261429254833
8388,0.367408227801,0.213945741757
8389,0.395788489199,0.201698914312
8390,0.449872632309,0.181860296593
8391,0.35,0.222222222222
8392,0.193678166208,0.340508800131
8393,0.361190352081,0.216830208067
8394,0.28336759153,0.260846253594
8395,0.245938619775,0.289068621668
8396,0.324209473374,0.235732595042
8397,0.358161691841,0.218263555816
8398,0.319057518931,0.238630726052
8399,0.3499616215,0.222241176185
8400,0.475377006254,0.173799089837
8401,0.20391128177,0.329043395223
8402,0.0948879367764,0.513115391615
8403,0.401765164127,0.199296418224
8404,0.485150742154,0.170896134613
8405,0.381232527111,0.20779975244
8406,0.378674546895,0.208910209763
8407,0.226020931782,0.306728771842
8408,0.136088707851,0.423569601911
8409,0.109888508323,0.476443426078
8410,0.182545238351,0.353925624737
8411,0.277289840077,0.265048218578
8412,0.178783407948,0.358701404564
8413,0.252902501797,0.283364383904
8414,0.275738392902,0.266142619144
8415,0.268021760664,0.271723062842
8416,0.294908018196,0.25322352394
8417,0.318390590686,0.239011111211
8418,0.4800000000000001,0.17241379310344826
8419,0.279175975845,0.263729788727
8420,0.309727872793,0.244064430663
8421,0.250384502024,0.285400750953
8422,0.146474910645,0.405720808411
8423,0.362925435942,0.216017510026
8424,0.234063220106,0.299344537146
8425,0.326213273334,0.234624321335
8426,0.417665629573,0.193174887973
8427,0.381751990498,0.207575686188
8428,0.5272432083,0.159427792404
8429,0.177792303223,0.359981176008
8430,0.409977418841,0.196087113479
8431,0.19985307588,0.333496662345
8432,0.40504614127,0.198001710791
8433,0.38759255098,0.205089269307
8434,0.347168038157,0.223629578742
8435,0.0341387288368,0.74549685141
8436,0.198498901984,0.335009607524
8437,0.362769685344,0.216090213268
8438,0.392033213768,0.203238312378
8439,0.347373971787,0.223526638353
8440,0.480266004029,0.172334755622
8441,0.181433052986,0.355324290943
8442,0.358577979384,0.218065420704
8443,0.335651108038,0.229541479764
8444,0.356379154869,0.219116055002
8445,0.317984714304,0.239243198561
8446,0.261783897046,0.276408101125
8447,0.180109634909,0.357003071432
8448,0.456657993622,0.179643517466
8449,0.189144694749,0.345847604387
8450,0.552113173609,0.153347615179
8451,0.369704256384,0.212899922964
8452,0.455593915413,0.179987572264
8453,0.375590305719,0.210265009185
8454,0.487813615649,0.1701219525
8455,0.415032506945,0.19416250169
8456,0.438167323124,0.18581581546
8457,0.374340543989,0.210819001806
8458,0.373236533298,0.211310820201
8459,0.407991327254,0.196853754454
8460,0.420367440912,0.192171900349
8461,0.38833717116,0.204776547651
8462,0.336818802225,0.228927874649
8463,0.219705181488,0.3127881742
8464,0.375612952112,0.21025499738
8465,0.417200687684,0.193348544156
8466,0.371199173053,0.212224481109
8467,0.166523335881,0.375201667312
8468,0.292991333327,0.254458537682
8469,0.697920992813,0.125325691266
8470,0.523810094993,0.16030519673
8471,0.57138009941,0.148946923044
8472,0.0604618599683,0.623201052386
8473,0.281395051436,0.262195326403
8474,0.343818305219,0.225317430183
8475,0.37832558702,0.20906261909
8476,0.412207940944,0.195233209028
8477,0.350669457043,0.221892117243
8478,0.470139929362,0.175395538621
8479,0.265178511815,0.27383867551
8480,0.462765504518,0.177693904827
8481,0.238195024516,0.295687377847
8482,0.304797364848,0.247037181276
8483,0.34552556641,0.224454010139
8484,0.253115404403,0.283193536032
8485,0.222489022184,0.310088074697
8486,0.582490090519,0.146522273934
8487,0.306399743494,0.246063147432
8488,0.365861982771,0.214655850227
8489,0.325767857061,0.234869773144
8490,0.468915464853,0.175773038664
8491,0.453225003948,0.180758279699
8492,0.416203168219,0.193722174052
8493,0.315081516838,0.240916533123
8494,0.314863942144,0.241042881392
8495,0.306819892029,0.245809022517
8496,0.508916485731,0.164226133375
8497,0.425355290485,0.190347374075
8498,0.257310779065,0.279868411083
8499,0.382249974682,0.207361337999
8500,0.417363116634,0.193287841334
8501,0.395348902747,0.201877907563
8502,0.333215034605,0.230832247296
8503,0.491983126105,0.168923733786
8504,0.444779076078,0.183560647593
8505,0.412848973454,0.194989178445
8506,0.502570555535,0.165955669558
8507,0.368194958103,0.21358623853
8508,0.294151751104,0.253709389137
8509,0.376475810054,0.20987424312
8510,0.30701159252,0.245693247656
8511,0.364964162834,0.215070338734
8512,0.298562788315,0.250901496406
8513,0.659754166751,0.131621522298
8514,0.357327350681,0.218661752574
8515,0.246440186072,0.288650116298
8516,0.410663833641,0.195823540678
8517,0.374894089629,0.210573267143
8518,0.237753605486,0.296073819423
8519,0.360911157155,0.216961552021
8520,0.32563905274,0.234940848018
8521,0.307826996808,0.245202011595
8522,0.465371442061,0.176874869441
8523,0.429050790162,0.189017768916
8524,0.467089268693,0.176339080142
8525,0.298924830121,0.250673792277
8526,0.521785833932,0.160827079909
8527,0.283760561117,0.260579147865
8528,0.207642290263,0.325052839499
8529,0.380290349014,0.208207389979
8530,0.231157487176,0.301971128157
8531,0.387902873326,0.204958825756
8532,0.430525327029,0.188492414792
8533,0.152191452922,0.396524144023
8534,0.485865544743,0.170687627728
8535,0.441186977068,0.184779021369
8536,0.610983670223,0.140650206451
8537,0.36422354232,0.215413461153
8538,0.326144505122,0.234662183363
8539,0.334620685972,0.230085689033
8540,0.356091710273,0.219254149434
8541,0.363060274242,0.215954607991
8542,0.310240408909,0.243759507422
8543,0.412065244119,0.195287614515
8544,0.468412317405,0.175928629514
8545,0.407431390089,0.197070977384
8546,0.259587858712,0.278096152518
8547,0.308279215286,0.244930420791
8548,0.427780369338,0.189472753838
8549,0.392684000853,0.202969854566
8550,0.387483084526,0.205135322997
8551,0.341231426908,0.226638434848
8552,0.396697144062,0.201329927493
8553,0.353664153376,0.220427378394
8554,0.503387653195,0.165730935113
8555,0.457630505007,0.179330217953
8556,0.377466896608,0.20943860341
8557,0.398931852646,0.200428173647
8558,0.201991036899,0.331135655636
8559,0.393851630642,0.202489966207
8560,0.371562280272,0.21206106634
8561,0.334537632211,0.23012966562
8562,0.344035011757,0.225207466421
8563,0.468555346715,0.175884371817
8564,0.406145015973,0.197571835826
8565,0.293207763317,0.254318478243
8566,0.329274671828,0.232951083683
8567,0.346831259858,0.223798129146
8568,0.224876337281,0.307809429387
8569,0.205202202769,0.327651632566
8570,0.268302559967,0.271515897171
8571,0.311666022133,0.242915360082
8572,0.340440600196,0.227045372192
8573,0.448918488583,0.182176410669
8574,0.31790519471,0.239288722097
8575,0.249445329213,0.286167796906
8576,0.553383602885,0.153049448377
8577,0.300186925736,0.249883225985
8578,0.23895082047,0.295028051153
8579,0.25756582328,0.279668786806
8580,0.275329397326,0.266432634141
8581,0.507671963647,0.164562471173
8582,0.0,1.0
8583,0.368052676434,0.213651165851
8584,0.374867015466,0.210585272809
8585,0.379019853707,0.208759614505
8586,0.475673115111,0.173709692836
8587,0.351316736724,0.22157387897
8588,0.368227024122,0.213571611309
8589,0.125442574398,0.443571939625
8590,0.0962884128116,0.509454422539
8591,0.290154197614,0.256308917375
8592,0.420809062946,0.192008947452
8593,0.352494597967,0.220997113444
8594,0.273704274514,0.267591266196
8595,0.0994540864697,0.501368519292
8596,0.275666778416,0.266193354711
8597,0.362392773392,0.216266355693
8598,0.437001600766,0.186219184184
8599,0.370023042461,0.212755526785
8600,0.294314882064,0.253604427701
8601,0.228325994989,0.304575335265
8602,0.594424250702,0.144004187496
8603,0.265221754024,0.273806253045
8604,0.378592586261,0.208945986358
8605,0.526519127635,0.159612046287
8606,0.357260480057,0.218693730076
8607,0.232502947098,0.300749214023
8608,0.436913219426,0.186249837743
8609,0.38794837721,0.204939712213
8610,0.472379101272,0.174709383655
8611,0.426358231979,0.189984679491
8612,0.418383954431,0.192907205451
8613,0.2964344987,0.252248480715
8614,0.333831310298,0.230504340342
8615,0.165526599918,0.376610102457
8616,0.235668627489,0.297912857535
8617,0.359783510286,0.21749366335
8618,0.346862657221,0.223782404692
8619,0.278043814365,0.264519603814
8620,0.296240793339,0.252371794326
8621,0.301518109824,0.249054768772
8622,0.375173252479,0.210449555985
8623,0.309637890127,0.244118042813
8624,0.255972270152,0.280920758118
8625,0.395260761922,0.201913835475
8626,0.193948931206,0.340195147469
8627,0.327106828096,0.234133461284
8628,0.248882045605,0.286629825925
8629,0.23911721669,0.294883288369
8630,0.199214052276,0.334208902421
8631,0.7333333333333333,0.12000000000000002
8632,0.380942210851,0.207925188815
8633,0.368970517561,0.213233020532
8634,0.237200621392,0.296559358601
8635,0.209509930206,0.323091410778
8636,0.284816424332,0.259864168151
8637,0.51229700063,0.163319434681
8638,0.302930406172,0.248181816185
8639,0.216706255189,0.315749999761
8640,0.382048200989,0.207448134429
8641,0.303786330881,0.24765573362
8642,0.177461842022,0.360409918968
8643,0.354424496838,0.220058559113
8644,0.24839102943,0.287033796948
8645,0.413743371234,0.194649713455
8646,0.261837664384,0.276367028209
8647,0.468716736151,0.175834459659
8648,0.370671298753,0.212462498276
8649,0.425493464481,0.190297323866
8650,0.456839411273,0.179584989811
8651,0.37883041224,0.208842206852
8652,0.250047301072,0.285675677812
8653,0.35163808875,0.2214162235
8654,0.256036766989,0.280869868709
8655,0.266074091109,0.273168744876
8656,0.353950618761,0.220288277771
8657,0.381111777442,0.207851906124
8658,0.310590633512,0.243551586028
8659,0.419574377268,0.192465226107
8660,0.403725062314,0.198520993854
8661,0.259524785663,0.278144940176
8662,0.226218524066,0.306542984603
8663,0.303991827094,0.247529759994
8664,0.354747101186,0.219902446303
8665,0.359873214137,0.217451238572
8666,0.328695094254,0.233266023662
8667,0.400767959284,0.199693287372
8668,0.424922501485,0.190504312003
8669,0.48252563961,0.171666263595
8670,0.393983721037,0.202435820739
8671,0.170269453798,0.370001117754
8672,0.278108276627,0.264474506859
8673,0.427913426447,0.189424998476
8674,0.198285841072,0.335248899648
8675,0.358088308426,0.218298520527
8676,0.271025849677,0.269522999778
8677,0.299834469233,0.25010349956
8678,0.525098739103,0.159974726782
8679,0.205814868047,0.326995219815
8680,0.310192458976,0.243788001977
8681,0.489747610021,0.169564061474
8682,0.332038440008,0.231460885745
8683,0.233462113523,0.29988414259
8684,0.181303858698,0.355487480559
8685,0.366109516333,0.214541854426
8686,0.366984458218,0.214139888898
8687,0.339247196173,0.227662238647
8688,0.252418754236,0.283753343992
8689,0.218528237559,0.313943908918
8690,0.211017819824,0.321524985471
8691,0.389367827973,0.204345268086
8692,0.4298854438,0.188720035944
8693,0.407822024587,0.196919383481
8694,0.400971462527,0.199612168517
8695,0.451082113515,0.181461160774
8696,0.190082143023,0.344729940829
8697,0.390796119029,0.2037505924
8698,0.227568797671,0.305279381648
8699,0.361099809881,0.216872785148
8700,0.484777932362,0.171005084949
8701,0.523441776266,0.160399902296
8702,0.391129634214,0.203612229916
8703,0.479832392299,0.172463631436
8704,0.429253220397,0.188945472878
8705,0.409585907631,0.196237765807
8706,0.432673280899,0.187732337224
8707,0.269891756861,0.270349360712
8708,0.302952505527,0.248168205007
8709,0.46944542814,0.175609452738
8710,0.289609051157,0.256667548413
8711,0.313024056839,0.242116647551
8712,0.17525840528,0.363294991477
8713,0.461369180834,0.178135892411
8714,0.463662720184,0.177411058811
8715,0.480965121765,0.172127372632
8716,0.199817971609,0.333535709895
8717,0.384300571546,0.206483340874
8718,0.321633602091,0.237172747865
8719,0.37147422577,0.212100671753
8720,0.324916915471,0.235340124996
8721,0.324608302202,0.235511174608
8722,0.336466581019,0.229112615602
8723,0.345983164722,0.224223710467
8724,0.244891134549,0.289946565692
8725,0.243266956655,0.291318456558
8726,0.309500994763,0.244199650987
8727,0.421669539925,0.191692234924
8728,0.367416019773,0.213942175214
8729,0.483415941193,0.171404298271
8730,0.210402266176,0.322162596401
8731,0.431490355224,0.188150168704
8732,0.263386991439,0.275188717141
8733,0.204213550551,0.328716455329
8734,0.281572196903,0.262073601829
8735,0.290231291951,0.256258280827
8736,0.398322742174,0.200673161261
8737,0.383622582081,0.206772809429
8738,0.315696770757,0.240559963499
8739,0.605591090749,0.1417251455
8740,0.417423636104,0.19326523379
8741,0.186065416064,0.34957039329
8742,0.449868598379,0.181861630751
8743,0.304061736929,0.247486932962
8744,0.309453325396,0.244228081194
8745,0.383079671725,0.207005191593
8746,0.38250196533,0.207253041822
8747,0.3285373342,0.233351897301
8748,0.32537269468,0.235087962276
8749,0.348566168529,0.22293255046
8750,0.413753416968,0.19464590735
8751,0.243763633984,0.290897553185
8752,0.308507503485,0.244793545154
8753,0.273123041233,0.26800810711
8754,0.424332101213,0.190718820703
8755,0.458853828466,0.178937666535
8756,0.301286321738,0.249198625976
8757,0.320445793173,0.23784278883
8758,0.362067028822,0.216418817536
8759,0.186390063036,0.349174126154
8760,0.262562975063,0.275814153342
8761,0.363370706671,0.215809930495
8762,0.345644661003,0.22439402679
8763,0.378654416254,0.208918995844
8764,0.326826649294,0.234287151858
8765,0.299329901145,0.250419514575
8766,0.377394957063,0.209470164107
8767,0.125,0.444444444444
8768,0.344861604684,0.224789010665
8769,0.360835686435,0.216997083654
8770,0.33573005344,0.229499891528
8771,0.202781049846,0.330271660168
8772,0.263843531851,0.274843418244
8773,0.43142602456,0.188172944829
8774,0.0,1.0
8775,0.446754750948,0.182897359057
8776,0.275198639276,0.266525486854
8777,0.255414696162,0.281361466141
8778,0.442900488157,0.184195818905
8779,0.428963420552,0.189048989239
8780,0.310557896428,0.243571006355
8781,0.13885818692,0.418658457093
8782,0.347194497471,0.223616347172
8783,0.464862039888,0.177034378199
8784,0.306520347581,0.245990146853
8785,0.195096976148,0.338871652652
8786,0.157028004092,0.38906266402
8787,0.200091407919,0.333231799916
8788,0.251662839203,0.284363284522
8789,0.385080816622,0.206151215577
8790,0.391386283818,0.20350588385
8791,0.143166484975,0.411240883012
8792,0.373127057944,0.211359714734
8793,0.336290539351,0.22920506172
8794,0.155701731932,0.391080651838
8795,0.317214016635,0.239685140031
8796,0.266935531218,0.272527437362
8797,0.219493393363,0.312995517521
8798,0.436309909763,0.186459355271
8799,0.378465689864,0.20900140202
8800,0.337395380528,0.228626099981
8801,0.337391179758,0.22862829574
8802,0.416885866401,0.193466307555
8803,0.211388910435,0.321141815424
8804,0.285993295866,0.25907185713
8805,0.164364836711,0.37826513255
8806,0.0,1.0
8807,0.337941719727,0.228340885317
8808,0.258489103545,0.278948506415
8809,0.271617571708,0.269093841662
8810,0.560280241408,0.151450844246
8811,0.353051396336,0.220725508869
8812,0.149458243896,0.400868692244
8813,0.233778127208,0.299600218973
8814,0.444520277807,0.183647889851
8815,0.456877108851,0.179572832876
8816,0.555949337512,0.152450798074
8817,0.371682628645,0.21200695961
8818,0.331612916324,0.23168908116
8819,0.286243078379,0.258904315955
8820,0.515389643756,0.162498672207
8821,0.256026809607,0.280877724097
8822,0.20933302969,0.323276179398
8823,0.375660798472,0.210233847988
8824,0.406422383131,0.19746362588
8825,0.34341344138,0.225523158903
8826,0.296786907146,0.252024444857
8827,0.355679052451,0.219452703525
8828,0.249280606359,0.286302755376
8829,0.172481456493,0.366997451082
8830,0.358233790257,0.218229214271
8831,0.346937092183,0.22374513494
8832,0.329113638759,0.233038503015
8833,0.363731717948,0.215641924263
8834,0.117615235271,0.459526649757
8835,0.622469228635,0.138414199576
8836,0.35904545326,0.217843351437
8837,0.0889932917974,0.529119309204
8838,0.696422584422,0.125561482002
8839,0.319147533478,0.238579478615
8840,0.374522107772,0.210738337292
8841,0.259848956565,0.277894372558
8842,0.377303168523,0.209510446598
8843,0.225137770819,0.30756192905
8844,0.378891142892,0.208815722496
8845,0.199966586306,0.333370463795
8846,0.358206881084,0.218242030245
8847,0.436927308676,0.186244950451
8848,0.425153432233,0.190420539717
8849,0.398401408355,0.200641487612
8850,0.321048174744,0.23750251396
8851,0.47749874332,0.17316054997
8852,0.257647697011,0.27960476423
8853,0.265087569654,0.273906887859
8854,0.317814845561,0.239340466387
8855,0.288934812882,0.25711249466
8856,0.389660209467,0.20422325128
8857,0.3698212896,0.212846889261
8858,0.470598643288,0.175254535173
8859,0.424339019225,0.190716304401
8860,0.532264498239,0.158161655887
8861,0.35032604923,0.222061326834
8862,0.245819119559,0.289168511352
8863,0.24786863686,0.287464834147
8864,0.349288368152,0.222574201979
8865,0.509673011133,0.164022349971
8866,0.18415363526,0.351922296923
8867,0.215957690985,0.316498071904
8868,0.389666497193,0.204220628884
8869,0.261813377823,0.276385579222
8870,0.286748051214,0.258566267331
8871,0.208470668959,0.324179930421
8872,0.533504108316,0.157852172839
8873,0.364977969509,0.215063952612
8874,0.216767879043,0.315688573924
8875,0.191983421151,0.342485198666
8876,0.32887614339,0.233167550914
8877,0.179193840416,0.358174090987
8878,0.413767186626,0.194640690576
8879,0.2995465602,0.250283721501
8880,0.183327283819,0.352948712358
8881,0.436650329764,0.186341076216
8882,0.140368677225,0.41602758377
8883,0.323568562463,0.236089287218
8884,0.211530159937,0.320996207944
8885,0.152572369166,0.395926127353
8886,0.277446459366,0.264938238308
8887,0.246210776973,0.288841384068
8888,0.232092429998,0.301120986108
8889,0.430549529532,0.188483816183
8890,0.432867558435,0.187663892119
8891,0.476104291547,0.173579682477
8892,0.412020147382,0.195304814686
8893,0.496682736261,0.167593251695
8894,0.198000233047,0.33557020737
8895,0.377499030995,0.209424508761
8896,0.373889655997,0.211019588072
8897,0.202047201984,0.331074081611
8898,0.299273224302,0.250455061631
8899,0.282383303992,0.261517694303
8900,0.276390684951,0.265681389042
8901,0.0,1.0
8902,0.175022140773,0.363607088938
8903,0.167356356137,0.374032626136
8904,0.425860481232,0.190164508589
8905,0.0855440096233,0.538955691445
8906,0.323743516032,0.235991811595
8907,0.280152132875,0.263052581722
8908,0.333919260947,0.230457619655
8909,0.374473417482,0.210759963184
8910,0.21561337709,0.316843350944
8911,0.183566046101,0.352651529953
8912,0.337800266427,0.228414662275
8913,0.140965472736,0.4149972146
8914,0.335068589112,0.229848815802
8915,0.223984425537,0.308656812235
8916,0.361509435388,0.216680293689
8917,0.238498629065,0.295422171358
8918,0.49511951805,0.168033473894
8919,0.280063599875,0.263113857872
8920,0.395998590649,0.201613476097
8921,0.393190255156,0.202761508271
8922,0.373884720288,0.21102178593
8923,0.525781895393,0.15980008488
8924,0.392316207398,0.203121486755
8925,0.336683095704,0.228999017786
8926,0.472997919092,0.174520703598
8927,0.444161050304,0.183769124865
8928,0.149377904937,0.400997835094
8929,0.502068722653,0.16609399598
8930,0.380518153904,0.208108682654
8931,0.499996725903,0.166667576143
8932,0.160954665329,0.383208324227
8933,0.339554726947,0.227502956673
8934,0.22197904073,0.310579222092
8935,0.443610080197,0.18395538207
8936,0.276675523818,0.265480483007
8937,0.7333333333333333,0.12000000000000002
8938,0.483117285776,0.171492086479
8939,0.43732097781,0.186108497769
8940,0.0285582776308,0.777857340989
8941,0.125804659629,0.442860657369
8942,0.479080939957,0.172687431238
8943,0.240442599412,0.293735273355
8944,0.256860388348,0.280221630826
8945,0.257417962129,0.279784483702
8946,0.343762368382,0.225345831745
8947,0.0,1.0
8948,0.0833586853425,0.545379128418
8949,0.3833570809,0.206886386797
8950,0.318813699684,0.238769648833
8951,0.292492198844,0.254782134001
8952,0.507243328275,0.164678631026
8953,0.240202325984,0.293942728671
8954,0.280264223797,0.262975041411
8955,0.38,0.20833333333333334
8956,0.365383235957,0.214876669965
8957,0.474900399362,0.173943173654
8958,0.362786533635,0.216082346248
8959,0.350454050748,0.221998225643
8960,0.356619417791,0.219000761036
8961,0.31231207135,0.242534737517
8962,0.177617798297,0.360207452884
8963,0.202056581462,0.33106380108
8964,0.302670296555,0.24834213215
8965,0.422896841369,0.191242310315
8966,0.439462099895,0.185369834173
8967,0.443130718463,0.184117739249
8968,0.23297672076,0.30032129505
8969,0.410375122015,0.195934315147
8970,0.347358944426,0.223534146899
8971,0.29530218063,0.252971030518
8972,0.486034632662,0.170638379418
8973,0.349742696836,0.222349358208
8974,0.303349893306,0.2479237051
8975,0.189798412889,0.345067452244
8976,0.385293248535,0.206060975095
8977,0.337610339568,0.228513796312
8978,0.359598866322,0.217581041486
8979,0.360877629963,0.216977335194
8980,0.273235873339,0.267927086176
8981,0.322700546576,0.236574096745
8982,0.160296588058,0.384177144795
8983,0.350625365313,0.22191382842
8984,0.43615613208,0.186512834633
8985,0.301726254766,0.248925726944
8986,0.358382655882,0.218158341545
8987,0.351058368704,0.221700797366
8988,0.362477511667,0.2162267299
8989,0.345636416058,0.224398178418
8990,0.337269612848,0.228691857522
8991,0.285034105531,0.259717252481
8992,0.325390448765,0.23507815065
8993,0.503846540904,0.165604989391
8994,0.331283626301,0.231865978446
8995,0.405991497407,0.197631779412
8996,0.130809709489,0.433257336623
8997,0.422614673663,0.191345564982
8998,0.23024812104,0.302802631201
8999,0.370222592768,0.212665238842
9000,0.438670040439,0.185642401643
9001,0.399458946358,0.200216655902
9002,0.187324496793,0.348038545673
9003,0.522307093098,0.160692367336
9004,0.224807544151,0.307874622375
9005,0.252831023485,0.28342178931
9006,0.369228651977,0.213115715715
9007,0.339068521213,0.227754883734
9008,0.334298143632,0.230256567905
9009,0.448931751388,0.182172009083
9010,0.291399195765,0.255493626666
9011,0.368004500345,0.213673158968
9012,0.320345081595,0.237899774206
9013,0.404691537914,0.198140829571
9014,0.301724088818,0.248927069059
9015,0.385342001491,0.20604027612
9016,0.359342747708,0.21770235951
9017,0.214482182737,0.317983038434
9018,0.350163954777,0.222141286389
9019,0.249080808575,0.286466621893
9020,0.422539337963,0.191373151713
9021,0.184718832998,0.351223693027
9022,0.452929224155,0.180854973171
9023,0.476551133015,0.173445153905
9024,0.32653732166,0.23444607288
9025,0.295310659026,0.252965604941
9026,0.294356480001,0.253577676725
9027,0.165982607704,0.375964431897
9028,0.398040736366,0.200786788506
9029,0.158081845846,0.387473980094
9030,0.342309621103,0.226085970616
9031,0.258667053457,0.27881010825
9032,0.444100911461,0.183789436653
9033,0.382333610394,0.207325381945
9034,0.318229205485,0.239103340198
9035,0.217257311566,0.315201561491
9036,0.346397039091,0.224015822783
9037,0.308358334584,0.244882965599
9038,0.429430730049,0.188882122484
9039,0.475292928697,0.173824490119
9040,0.265233650658,0.273797334445
9041,0.320487378683,0.237819266569
9042,0.24968843847,0.285968848263
9043,0.379017681353,0.208760561233
9044,0.446044378042,0.183135298194
9045,0.28870440868,0.257264897868
9046,0.453991672141,0.180508128603
9047,0.294453389191,0.253515377837
9048,0.448190260677,0.182418417789
9049,0.45786380929,0.179255220243
9050,0.331622383501,0.231683999307
9051,0.315509770336,0.240668227655
9052,0.335515273245,0.229613072476
9053,0.306313234104,0.246115537488
9054,0.382151672139,0.207403615456
9055,0.373774271179,0.211070980598
9056,0.436215886391,0.186492050195
9057,0.611780394445,0.140492771057
9058,0.45415053958,0.180456379372
9059,0.380954749341,0.207919768205
9060,0.358242370093,0.218225128287
9061,0.373972078373,0.210982892375
9062,0.253101522021,0.283204669942
9063,0.212009578686,0.320502980777
9064,0.411327811325,0.195569256718
9065,0.582055223421,0.146615694105
9066,0.410749656057,0.195790636008
9067,0.208333512254,0.324324136124
9068,0.349089179855,0.222672922185
9069,0.32893744498,0.233134227777
9070,0.113117174134,0.469225440917
9071,0.423008268902,0.191201565914
9072,0.34374714488,0.225353562618
9073,0.443794174809,0.183893106312
9074,0.719064499478,0.122090506992
9075,0.497089140724,0.167479180544
9076,0.251230202157,0.284713556482
9077,0.366075133366,0.214557681457
9078,0.387774251356,0.205012871676
9079,0.41344646872,0.194762270445
9080,0.56178624701,0.151106192448
9081,0.429472751829,0.188867131792
9082,0.258483798397,0.278952634533
9083,0.3526841772,0.220904562246
9084,0.258054267831,0.279287272865
9085,0.370858808185,0.212377889639
9086,0.0408717547265,0.709865509904
9087,0.378529278447,0.208973629209
9088,0.408556828191,0.196634858597
9089,0.378830751687,0.208842058802
9090,0.361335656218,0.216761914351
9091,0.340744872903,0.226888629109
9092,0.274185917097,0.267246829533
9093,0.298971899759,0.250644218454
9094,0.352173054685,0.221154265969
9095,0.337876418432,0.228374938203
9096,0.148330271273,0.402689529099
9097,0.296844607547,0.251987801014
9098,0.345903148549,0.224263946836
9099,0.593239570225,0.144250276953
9100,0.406183436134,0.197556839797
9101,0.471273365258,0.175047544804
9102,0.2,0.333333333333
9103,0.232119975305,0.30109601179
9104,0.192392538029,0.342005991925
9105,0.481132502513,0.172077795628
9106,0.329110555725,0.233040177329
9107,0.369440209496,0.213019673171
9108,0.210366756619,0.322199455539
9109,0.505050704435,0.165275404635
9110,0.171529595686,0.368283979311
9111,0.338045074467,0.228287009326
9112,0.415314164055,0.194056377595
9113,0.431596708488,0.188112526664
9114,0.586868594191,0.145588254938
9115,0.383815119933,0.20669052264
9116,0.343473571956,0.225492580221
9117,0.277297643039,0.265042737067
9118,0.429645382734,0.188805573049
9119,0.435167551475,0.186857367799
9120,0.329254368582,0.232962102006
9121,0.475068752907,0.173892251134
9122,0.317915687604,0.239282714113
9123,0.442277952968,0.184407275739
9124,0.33068164637,0.232190066242
9125,0.263782865317,0.274889252722
9126,0.461273472483,0.178166268143
9127,0.271847929269,0.268927139641
9128,0.206120976182,0.326668238313
9129,0.347929209286,0.223249562491
9130,0.483828924739,0.171283051871
9131,0.367498485035,0.213904436487
9132,0.495004910132,0.168065839957
9133,0.113022031036,0.469435013428
9134,0.481976863399,0.171828136631
9135,0.476641696605,0.173417913739
9136,0.375368586545,0.210363079998
9137,0.25112675783,0.284797435029
9138,0.317370218119,0.239595437477
9139,0.388681727935,0.204632165034
9140,0.16813605374,0.372944997904
9141,0.339164895669,0.22770490307
9142,0.342310706803,0.226085415663
9143,0.282637168698,0.261344187603
9144,0.359014918221,0.217857843025
9145,0.452423445044,0.181020557504
9146,0.299607854599,0.250245331389
9147,0.237284722891,0.296485411918
9148,0.273639129672,0.267637921349
9149,0.40884355253,0.196524058333
9150,0.368945698309,0.213244306026
9151,0.0463346963092,0.683364933418
9152,0.430164069016,0.188620855023
9153,0.354831831003,0.219861481065
9154,0.298815204739,0.250742696898
9155,0.200690743548,0.332567603578
9156,0.186202597847,0.349402838242
9157,0.394270091791,0.202318533249
9158,0.393307730252,0.202713223142
9159,0.173361906607,0.365815417521
9160,0.461161242799,0.178201900583
9161,0.309759478913,0.244045605157
9162,0.361595524733,0.216639881979
9163,0.284843742893,0.259845721404
9164,0.363044100177,0.215962151255
9165,0.385762338446,0.205861986584
9166,0.360515021588,0.217148182605
9167,0.184278158933,0.351768142778
9168,0.132575477739,0.42996794405
9169,0.326767770452,0.234319475189
9170,0.392111193411,0.203206107357
9171,0.0705193960528,0.586443550205
9172,0.311838303117,0.242813743266
9173,0.252390430886,0.283776150642
9174,0.31683623774,0.239902366795
9175,0.417450435572,0.193255224318
9176,0.409133264886,0.19641223015
9177,0.307931916334,0.245138945976
9178,0.4,0.2
9179,0.206019351654,0.326776720032
9180,0.425661605635,0.190236454266
9181,0.321657422364,0.237159349501
9182,0.332219526796,0.231363910699
9183,0.393518075301,0.202626823626
9184,0.180821914913,0.356097564647
9185,0.412744024723,0.195029088938
9186,0.134692152824,0.426090087789
9187,0.288914678434,0.257125805595
9188,0.342195163015,0.226144490858
9189,0.363925321898,0.21555193321
9190,0.30689874847,0.245761385052
9191,0.288758859302,0.257228864648
9192,0.204047451227,0.328896031184
9193,0.469736990204,0.17551958486
9194,0.24054047189,0.293650852848
9195,0.332184505939,0.231382658624
9196,0.247850574623,0.287479760838
9197,0.292931810373,0.254497084125
9198,0.418256517186,0.192954640576
9199,0.0603902201512,0.623479411062
9200,0.288106319138,0.257661354812
9201,0.205945738602,0.326855345189
9202,0.389123756693,0.204447235759
9203,0.377385386608,0.209474363492
9204,0.339783618319,0.227384549662
9205,0.327266507963,0.234045959925
9206,0.407952663719,0.196868738256
9207,0.436471353168,0.186403242987
9208,0.397461287744,0.201020667263
9209,0.0926285577618,0.519133825025
9210,0.49030879241,0.169402863867
9211,0.38465003717,0.206334452348
9212,0.193181331781,0.341085837194
9213,0.487230168698,0.170290978445
9214,0.143784765648,0.410197904427
9215,0.285587640815,0.259344412047
9216,0.371975788011,0.211875275258
9217,0.367622202713,0.213847844306
9218,0.3574542714,0.218601084856
9219,0.306264085143,0.24614531202
9220,0.397952167769,0.200822501583
9221,0.3228905991,0.236467777276
9222,0.161130333532,0.382950531436
9223,0.301839505623,0.24885557194
9224,0.350229403307,0.222108994361
9225,0.229510838884,0.303480153608
9226,0.445677385799,0.183258464805
9227,0.4225,0.191387559809
9228,0.473774166907,0.174284597961
9229,0.210485078091,0.322076669884
9230,0.427442145271,0.189594253885
9231,0.365426571289,0.214856663046
9232,0.261026379117,0.276988070081
9233,0.216064778931,0.316390837152
9234,0.250555778161,0.285261308556
9235,0.359045848368,0.217843163936
9236,0.204251984838,0.328674930595
9237,0.371548547632,0.212067242073
9238,0.281394883349,0.262195441958
9239,0.421839131732,0.191629937119
9240,0.251673963418,0.284354289491
9241,0.42223045137,0.191486344271
9242,0.340464907007,0.227032842819
9243,0.345702271021,0.224365022352
9244,0.24804543596,0.287318808604
9245,0.363802611282,0.215608962881
9246,0.375478481323,0.210314459914
9247,0.3,0.25
9248,0.316859959436,0.23988871499
9249,0.515365366616,0.162505083037
9250,0.263037708425,0.275453479568
9251,0.317589815087,0.239469441991
9252,0.430865692296,0.188371562622
9253,0.350931707103,0.221763070604
9254,0.263895624737,0.274804073482
9255,0.321802665483,0.237077686281
9256,0.218050280138,0.314415695395
9257,0.386604505666,0.205505700904
9258,0.313318764341,0.241944011808
9259,0.545868993663,0.154830160576
9260,0.476892057233,0.173342653528
9261,0.371843081452,0.21193486549
9262,0.42706751841,0.189729012901
9263,0.263937314973,0.274772593757
9264,0.383295054186,0.206912938864
9265,0.301810155086,0.24887374979
9266,0.302540193087,0.248422397856
9267,0.26844559212,0.27141049354
9268,0.500139510709,0.166627922701
9269,0.352707438977,0.220893211355
9270,0.335093469152,0.229835672309
9271,0.208248379279,0.324413708951
9272,0.30433103326,0.247322099404
9273,0.179082820206,0.358316574005
9274,0.326753236466,0.234327455436
9275,0.298759992588,0.250777414633
9276,0.443405582178,0.184024609389
9277,0.198916419159,0.334541676503
9278,0.395511959926,0.201811475983
9279,0.326547583608,0.23444043254
9280,0.157046916802,0.389034038004
9281,0.456635781479,0.179650686009
9282,0.388374908544,0.204760724293
9283,0.357321708698,0.218664450207
9284,0.266270460034,0.273022290661
9285,0.264821838598,0.274106397754
9286,0.715072238937,0.122688511794
9287,0.29388686609,0.253880006188
9288,0.141568853578,0.413960651462
9289,0.22490280377,0.30778435532
9290,0.354438628582,0.220051715921
9291,0.36250996482,0.216211557818
9292,0.429493788842,0.188859628021
9293,0.4,0.2
9294,0.64717044433,0.133838270449
9295,0.362609125119,0.216165212855
9296,0.252772217117,0.28346903511
9297,0.40305839903,0.198784077938
9298,0.379985871316,0.208339465755
9299,0.296439718875,0.252245159198
9300,0.44546619301,0.183329418544
9301,0.433829961334,0.187325566647
9302,0.312103978401,0.242657206048
9303,0.408904320781,0.196500591401
9304,0.316273936195,0.240226426171
9305,0.430511503674,0.188497326274
9306,0.217013003635,0.315444473424
9307,0.339825366553,0.227362966315
9308,0.325654818198,0.234932146248
9309,0.249581657178,0.286056198735
9310,0.379072072399,0.208736859778
9311,0.250665876076,0.285171745592
9312,0.407686719893,0.196971864895
9313,0.165893712136,0.376090127129
9314,0.26638330277,0.27293820227
9315,0.465867727063,0.17671974424
9316,0.432115812256,0.18792901413
9317,0.41865832428,0.19280515769
9318,0.309546334892,0.244172616088
9319,0.355017302371,0.219771862474
9320,0.32163708944,0.237170786215
9321,0.298791141817,0.250757826627
9322,0.334140957731,0.230339935035
9323,0.503264730111,0.165764704961
9324,0.324827025859,0.235389920869
9325,0.48719785598,0.170300349331
9326,0.424716318604,0.190579169076
9327,0.212334604622,0.320169454554
9328,0.22849398014,0.304419581623
9329,0.422910828228,0.191237194951
9330,0.0533484323129,0.652109698754
9331,0.403792726295,0.198494330665
9332,0.251049682682,0.284859964083
9333,0.383333923262,0.206896299199
9334,0.142073726511,0.413097288341
9335,0.446909141915,0.182845727628
9336,0.292829260114,0.254563522002
9337,0.301220134755,0.249239734843
9338,0.387726009509,0.205033149864
9339,0.157552979004,0.388269630531
9340,0.0786308710851,0.559813650309
9341,0.363537451458,0.215732298837
9342,0.437493560294,0.18604874065
9343,0.253929898839,0.282541826299
9344,0.240617132607,0.293584762559
9345,0.377727728809,0.209324253062
9346,0.0915170027301,0.522146851582
9347,0.422118842129,0.191527276802
9348,0.262645812731,0.275751150267
9349,0.404535745861,0.198202012088
9350,0.308758308347,0.244643345366
9351,0.4008581012,0.199657347581
9352,0.27969039346,0.263372478531
9353,0.319001679135,0.238662528051
9354,0.111443442705,0.472939707756
9355,0.4025,0.199004975124
9356,0.297151366596,0.25179316606
9357,0.370749885423,0.212427029929
9358,0.454553944771,0.180325108031
9359,0.423179662366,0.191138928352
9360,0.471682513613,0.174922264751
9361,0.263627163869,0.2750069575
9362,0.475933780195,0.173631072597
9363,0.371893892935,0.211912045265
9364,0.258557956529,0.278894940634
9365,0.431214747093,0.188247785942
9366,0.362875992506,0.21604058456
9367,0.179827687767,0.357362778495
9368,0.0761410139774,0.567726946393
9369,0.329119155141,0.233035507275
9370,0.0717421059921,0.582268392613
9371,0.367474583275,0.213915373322
9372,0.411867370337,0.195363107311
9373,0.293201903245,0.25432226847
9374,0.40675433685,0.19733427566
9375,0.298686218905,0.250823818979
9376,0.189717958619,0.34516327699
9377,0.449363203637,0.182028937028
9378,0.4214547118,0.191771208002
9379,0.320775023792,0.237656691452
9380,0.0,1.0
9381,0.402922437759,0.198837817707
9382,0.380453204997,0.208136815323
9383,0.33957117985,0.227494441365
9384,0.379016193005,0.208761209872
9385,0.351609537501,0.221430221676
9386,0.392992665074,0.202842774517
9387,0.461645958003,0.178048107665
9388,0.27898522188,0.263862531377
9389,0.415966785575,0.193810925036
9390,0.318753474209,0.238803988883
9391,0.651627604836,0.133044607937
9392,0.414240779751,0.194461435066
9393,0.393925999052,0.202459478124
9394,0.134824864082,0.425849283001
9395,0.299411005605,0.25036866435
9396,0.502155197152,0.1660701435
9397,0.294334350239,0.253591907323
9398,0.438598135589,0.185667185592
9399,0.42711514755,0.189711869341
9400,0.35393813492,0.220294335962
9401,0.357488688539,0.21858463937
9402,0.24763985199,0.287654017304
9403,0.404979810084,0.198027719135
9404,0.305909220189,0.246360503842
9405,0.435400932154,0.186775916877
9406,0.341326086647,0.22658982332
9407,0.182850988906,0.353543045357
9408,0.345205975928,0.224615134133
9409,0.469488206927,0.175596261316
9410,0.395572195556,0.201786946275
9411,0.332637842196,0.231140206073
9412,0.232561154959,0.300696574176
9413,0.378915871156,0.208804940539
9414,0.13333333333333333,0.4285714285714286
9415,0.045137243226,0.689003027598
9416,0.290854788411,0.255849494403
9417,0.246657262775,0.288469363658
9418,0.363141115439,0.215916913153
9419,0.491555397251,0.169045875441
9420,0.375213052696,0.210431930337
9421,0.203913248285,0.329041266099
9422,0.384533728046,0.206383981572
9423,0.178498407472,0.359068480527
9424,0.181846428966,0.354803147114
9425,0.344153391163,0.225147442279
9426,0.218323515276,0.31414581456
9427,0.1362776038,0.423230972347
9428,0.181913158431,0.354719164429
9429,0.399998400931,0.20000063963
9430,0.324858641644,0.235372404368
9431,0.0,1.0
9432,0.255223370986,0.281513008906
9433,0.39614214672,0.201555140318
9434,0.333407487759,0.230729747003
9435,0.313128474892,0.242055452668
9436,0.257948606328,0.279369714625
9437,0.254846900415,0.281811676762
9438,0.360457823587,0.217175156719
9439,0.156871657581,0.3892994694
9440,0.381092182185,0.207860372093
9441,0.080851370093,0.552940240091
9442,0.388956755414,0.204517063918
9443,0.321931530601,0.237005278694
9444,0.639535578186,0.135219998807
9445,0.20712996668,0.325595060231
9446,0.419923429585,0.192336013939
9447,0.502822682808,0.165886259512
9448,0.499854827003,0.166707002259
9449,0.262125345657,0.276147475451
9450,0.574602800324,0.148235376361
9451,0.314943106958,0.240996894087
9452,0.682254668469,0.127835606524
9453,0.222768899584,0.309819193016
9454,0.431484160116,0.188152361828
9455,0.505189354267,0.16523753978
9456,0.409943845327,0.196100023398
9457,0.322095771695,0.236913057903
9458,0.459964784982,0.178582658556
9459,0.323018231086,0.236396430819
9460,0.274997579921,0.266668387623
9461,0.418818308284,0.192745703849
9462,0.413659165328,0.194681623049
9463,0.332117100591,0.231418751684
9464,0.427560735378,0.18955163509
9465,0.344962386422,0.224738097087
9466,0.32338263155,0.236192967184
9467,0.288358226279,0.257494223717
9468,0.286592424288,0.258670355955
9469,0.471416150058,0.175003804127
9470,0.353784657611,0.220368843069
9471,0.588020287948,0.145344551246
9472,0.486001504165,0.170648026139
9473,0.3063542391,0.246090702096
9474,0.511957406685,0.163410065648
9475,0.430871872611,0.188369369634
9476,0.358691011638,0.218011684255
9477,0.408068307658,0.196823927989
9478,0.329727660129,0.232705523237
9479,0.379721001894,0.208454496687
9480,0.181674966103,0.355019124999
9481,0.337081750375,0.22879015176
9482,0.393736694337,0.202537103576
9483,0.362161603293,0.216374530657
9484,0.3522760176,0.221103919086
9485,0.373243768909,0.211307589386
9486,0.370260229395,0.212648218474
9487,0.436977063226,0.186227693599
9488,0.412749026608,0.195027186422
9489,0.22718298879,0.30563936215
9490,0.391434483969,0.203485923886
9491,0.231734947971,0.301445478119
9492,0.218396837388,0.314073471396
9493,0.310342072876,0.243699114983
9494,0.373478780076,0.211202706875
9495,0.23048388234,0.302586617211
9496,0.205507823273,0.327323860085
9497,0.364665993196,0.215208346348
9498,0.452214923071,0.181088912708
9499,0.312729971735,0.242289164462
9500,0.346725048594,0.223851338345
9501,0.513757700936,0.162930745875
9502,0.37,0.2127659574468085
9503,0.438040838192,0.185859497833
9504,0.124590886331,0.445254042289
9505,0.344689041271,0.224876240966
9506,0.296398733262,0.252271240064
9507,0.128274553419,0.4380689766
9508,0.273658679547,0.267623918495
9509,0.291164469677,0.255646940743
9510,0.335994062104,0.229360921838
9511,0.442706672813,0.184261600252
9512,0.321850860379,0.237050601035
9513,0.379246071116,0.208661074189
9514,0.374861679445,0.210587639156
9515,0.347997703485,0.22321542995
9516,0.405583639763,0.197791210267
9517,0.15335316709,0.394705940125
9518,0.244921594674,0.289920960427
9519,0.6,0.14285714285714285
9520,0.348279368703,0.223075178073
9521,0.316981171063,0.239818982102
9522,0.162569888934,0.380850981832
9523,0.349590948227,0.222424406884
9524,0.0,1.0
9525,0.376210580803,0.20999113424
9526,0.367643105288,0.213838285798
9527,0.403191789872,0.198731382373
9528,0.10861577059,0.479350145567
9529,0.268095180122,0.271668865555
9530,0.260033650169,0.277751815568
9531,0.289404346278,0.256802475257
9532,0.364934539284,0.215084042055
9533,0.261652770585,0.27650831995
9534,0.267002080314,0.27247801951
9535,0.425407930469,0.190328303402
9536,0.307758807499,0.245243016609
9537,0.556947995756,0.152219050284
9538,0.262931860521,0.275533814685
9539,0.442820322239,0.184223021694
9540,0.24013090667,0.294004449578
9541,0.365440337364,0.214850308348
9542,0.48505483626,0.17092414899
9543,0.327257874785,0.234050689061
9544,0.223064249255,0.309535952153
9545,0.152260997025,0.396414829004
9546,0.51255362683,0.163251012842
9547,0.282596968824,0.261371647317
9548,0.245924061424,0.289080787235
9549,0.411545535198,0.195486018583
9550,0.28037046027,0.26290159317
9551,0.246419933848,0.288666991213
9552,0.156636613935,0.389656013874
9553,0.156283057261,0.39019356593
9554,0.544221022921,0.155226228953
9555,0.303922662816,0.247572144882
9556,0.307089066317,0.245646489366
9557,0.402246027206,0.199105606781
9558,0.297457144446,0.251599452664
9559,0.273106557746,0.268019947449
9560,0.294309297831,0.253608019263
9561,0.372106418355,0.211816650044
9562,0.0894427191,0.527864045
9563,0.446172707207,0.183092268582
9564,0.304347024578,0.247312318186
9565,0.310802903238,0.24342573826
9566,0.184664925478,0.351290204904
9567,0.610175730277,0.140810218847
9568,0.445173042026,0.183427998619
9569,0.416129839831,0.193749696845
9570,0.630707593194,0.136853648342
9571,0.23991055909,0.294195038447
9572,0.315866043621,0.240462046695
9573,0.29794754189,0.25128940243
9574,0.369149311984,0.213151756691
9575,0.399885693693,0.200045732978
9576,0.343971018844,0.225239927283
9577,0.490421772576,0.16937044778
9578,0.437494101217,0.186048553414
9579,0.455004693124,0.180178656575
9580,0.380013274682,0.208327571912
9581,0.230630876481,0.302452091179
9582,0.306626269132,0.245926069197
9583,0.47051577989,0.17527998966
9584,0.439534238025,0.1853450494
9585,0.237223673189,0.296539086519
9586,0.431218832742,0.188246338112
9587,0.638167630894,0.135470583936
9588,0.448772720714,0.182224801317
9589,0.37980077864,0.20841983684
9590,0.378275291995,0.209084603938
9591,0.112210731813,0.471229702409
9592,0.304874782965,0.24698994407
9593,0.389905737131,0.204120900044
9594,0.525,0.16
9595,0.343513223102,0.225472420643
9596,0.324989226436,0.235300082401
9597,0.410782305564,0.195778120954
9598,0.334785651712,0.229998390256
9599,0.33483724793,0.229971099477
9600,0.429860507682,0.188728917423
9601,0.334053476089,0.230386359075
9602,0.335091754936,0.229836577838
9603,0.211894728682,0.320621000626
9604,0.386484652273,0.20555633057
9605,0.214581722049,0.317882422884
9606,0.36448194039,0.215293623507
9607,0.331988933448,0.231487411499
9608,0.16033863787,0.384115092628
9609,0.385744766839,0.205869433552
9610,0.343262930674,0.225599735687
9611,0.31095489643,0.243335706348
9612,0.389849871462,0.204144179321
9613,0.448643619254,0.182267680677
9614,0.409206188816,0.196384101757
9615,0.441909056495,0.18453280823
9616,0.368197699125,0.213584988108
9617,0.356585191886,0.219017177467
9618,0.416640940904,0.193558024699
9619,0.106533924295,0.484181958684
9620,0.218503255086,0.313968533769
9621,0.304980340893,0.246925566262
9622,0.321844367978,0.237054249366
9623,0.318412010761,0.238998875338
9624,0.304940521579,0.246949847375
9625,0.301735957719,0.24891971475
9626,0.396343211288,0.201473491983
9627,0.455506931836,0.180015755464
9628,0.23228840787,0.300943390234
9629,0.441883650122,0.184541460104
9630,0.1625,0.380952380952
9631,0.254730776636,0.281903929927
9632,0.27923595073,0.263688080751
9633,0.248441105242,0.286992546216
9634,0.362426748187,0.216250466462
9635,0.427530073831,0.189562652369
9636,0.444456669107,0.183669345375
9637,0.322129723576,0.236894002992
9638,0.435209350903,0.186842774386
9639,0.567432468829,0.149827892214
9640,0.401630433967,0.199349946153
9641,0.339115196026,0.227730675014
9642,0.554187281067,0.152861424999
9643,0.285241867233,0.259577186452
9644,0.38141439558,0.207721249963
9645,0.359566181724,0.217596515968
9646,0.389222388379,0.204406017336
9647,0.369920051647,0.212802155706
9648,0.28858538812,0.257343696024
9649,0.409805992173,0.196153049464
9650,0.393544873838,0.202615821379
9651,0.372539474844,0.211622531711
9652,0.302590012862,0.24839165604
9653,0.152164873286,0.396565939961
9654,0.351256997243,0.221603211941
9655,0.232009756548,0.301195967973
9656,0.289383784969,0.256816035644
9657,0.286045089848,0.259037098592
9658,0.372656680908,0.211570055051
9659,0.11,0.47619047619
9660,0.48497661029,0.170947005813
9661,0.383606240238,0.206779796619
9662,0.361186029596,0.216832240316
9663,0.288847131139,0.257170471355
9664,0.345474675761,0.224479651574
9665,0.361419740797,0.216722413799
9666,0.0639763027694,0.609844217189
9667,0.309115614459,0.244429683116
9668,0.296740814143,0.252053724838
9669,0.261958790618,0.276274544484
9670,0.170134448054,0.370186034104
9671,0.170333194296,0.36991387706
9672,0.350372390207,0.222038477878
9673,0.5369827748,0.156990116462
9674,0.382409584425,0.207292730552
9675,0.094342282377,0.514556064573
9676,0.227699513927,0.305157608572
9677,0.354793249444,0.219880132614
9678,0.205125839074,0.32773363378
9679,0.278518541731,0.264187850726
9680,0.2923748208,0.254858351502
9681,0.273191091602,0.267959236569
9682,0.473528331686,0.174359302715
9683,0.295297434774,0.252974067634
9684,0.26666666666666666,0.27272727272727276
9685,0.169117110453,0.371585440374
9686,0.343896562915,0.225277707363
9687,0.340535517079,0.22699645346
9688,0.362466893325,0.216231694513
9689,0.183161289123,0.35315561781
9690,0.155267658413,0.391745670493
9691,0.296122526373,0.252447142847
9692,0.375101263565,0.210481443997
9693,0.327961597078,0.233665825819
9694,0.246915964827,0.288254246384
9695,0.417087549048,0.193390848772
9696,0.38005232764,0.20831062416
9697,0.444740501761,0.183573645941
9698,0.249127078702,0.286428656212
9699,0.264700525968,0.274197575489
9700,0.435085154355,0.186886141741
9701,0.384198712935,0.206526777805
9702,0.245556522994,0.289388257335
9703,0.318623432962,0.238878170991
9704,0.328827573085,0.233193960175
9705,0.471634411958,0.174936984038
9706,0.353714302851,0.220403014345
9707,0.31024450373,0.243757074357
9708,0.502809311826,0.165889939054
9709,0.476066592097,0.173591042029
9710,0.208238884879,0.32442370157
9711,0.379373827882,0.208605464428
9712,0.277439730347,0.264942961643
9713,0.363184446465,0.21589671407
9714,0.226119408543,0.306636150381
9715,0.224301333005,0.308355192602
9716,0.12580733366,0.442855412971
9717,0.377344440728,0.209492331884
9718,0.333440204532,0.230712331146
9719,0.293826783897,0.253918738108
9720,0.343111337275,0.225676915908
9721,0.227851356222,0.305016276743
9722,0.135585294662,0.424474711563
9723,0.347238695596,0.223594248406
9724,0.382591491307,0.207214594126
9725,0.322997359844,0.236408094927
9726,0.426217978562,0.190035316302
9727,0.403718264284,0.198523673034
9728,0.369611715679,0.212941876579
9729,0.404343690212,0.198277488032
9730,0.563485156676,0.150719272306
9731,0.348032037719,0.223198324185
9732,0.399741990169,0.200103257215
9733,0.150066233762,0.39989405405
9734,0.215995212742,0.316460490436
9735,0.391301402859,0.203541043071
9736,0.410659195657,0.195825319216
9737,0.7,0.125
9738,0.424609765529,0.19061787746
9739,0.354906916718,0.219825191319
9740,0.325781599832,0.234862192353
9741,0.200034385322,0.333295131798
9742,0.348034400741,0.223197146993
9743,0.0462429025935,0.683793867782
9744,0.251884297054,0.284184320918
9745,0.402368961833,0.19905688368
9746,0.21835815357,0.314111634581
9747,0.39741864041,0.201037902234
9748,0.342713103175,0.225879919259
9749,0.281848756156,0.261883791391
9750,0.290475624332,0.256097932287
9751,0.379996313165,0.208334933534
9752,0.17625167391,0.36198875679
9753,0.422216285368,0.191491538663
9754,0.124280163458,0.445870907432
9755,0.241329194667,0.292972302289
9756,0.340124506481,0.227208434267
9757,0.125757955152,0.442952275736
9758,0.537102334673,0.156960655389
9759,0.32074058895,0.237676142084
9760,0.395767331765,0.201707522043
9761,0.397743305046,0.200906770591
9762,0.209991687031,0.322589295725
9763,0.275503465041,0.266309127105
9764,0.251441308022,0.284542533042
9765,0.414909525087,0.194208875789
9766,0.277956802732,0.26458050041
9767,0.400996690567,0.199602116906
9768,0.208256956968,0.324404681677
9769,0.270976164245,0.269559097425
9770,0.445904927623,0.183182079773
9771,0.409226368452,0.196376319443
9772,0.284602821282,0.260008493091
9773,0.305676379562,0.246501904074
9774,0.430298787453,0.188572937306
9775,0.314499262083,0.241254953018
9776,0.34977729325,0.22233225532
9777,0.424706779228,0.19058263388
9778,0.31265898756,0.242330842208
9779,0.200250456784,0.333055280152
9780,0.396239692045,0.201515520832
9781,0.178070583598,0.359620923242
9782,0.360462648701,0.217172880975
9783,0.375068323301,0.210496038349
9784,0.356617229739,0.21900181046
9785,0.269099283184,0.270929813619
9786,0.407769127626,0.196939897602
9787,0.272129308886,0.268723794692
9788,0.396682311428,0.201335939894
9789,0.405893668531,0.197669997117
9790,0.319994117527,0.238098572877
9791,0.1,0.5
9792,0.379724811724,0.208452841204
9793,0.301474869305,0.24908159301
9794,0.346521722584,0.223953270227
9795,0.146201711316,0.406171019144
9796,0.0948155450346,0.513306060778
9797,0.5571428571428572,0.15217391304347827
9798,0.474169797488,0.174164507498
9799,0.16057051122,0.383773280913
9800,0.328380150696,0.23343752001
9801,0.366184570112,0.214507314079
9802,0.325,0.235294117647
9803,0.460002430275,0.178570653615
9804,0.209305737717,0.323304704071
9805,0.419991593475,0.19231080128
9806,0.282555379264,0.261400062371
9807,0.490349287292,0.169391243714
9808,0.475181736277,0.173858093352
9809,0.333148953472,0.230867463025
9810,0.28963262692,0.256652018057
9811,0.3407478036,0.226887120442
9812,0.175,0.363636363636
9813,0.432763472895,0.187700555852
9814,0.5,0.166666666667
9815,0.376531291036,0.209849808147
9816,0.413294164999,0.194820059956
9817,0.268591632069,0.271302957798
9818,0.475545830673,0.173748109483
9819,0.427536090449,0.189560490382
9820,0.480789504932,0.172179419826
9821,0.157403760988,0.388494712028
9822,0.463822929354,0.177360647809
9823,0.513010314116,0.163129392275
9824,0.319764205833,0.238228983344
9825,0.444226641306,0.183746976738
9826,0.421716472069,0.191674990831
9827,0.319835169059,0.238188716358
9828,0.467151198095,0.176319825006
9829,0.336414091818,0.229140171857
9830,0.17747490529,0.360392951195
9831,0.17756884663,0.360270978584
9832,0.364462899922,0.215302449381
9833,0.365559103559,0.21479549908
9834,0.604955279871,0.141852969763
9835,0.287945980662,0.257767846517
9836,0.404117717283,0.198366366766
9837,0.417559336489,0.193214561017
9838,0.243279090624,0.291308159254
9839,0.340978773369,0.226768284641
9840,0.368872064461,0.213277794903
9841,0.393587913101,0.202598153937
9842,0.272136981588,0.268718254158
9843,0.467708718605,0.17614666945
9844,0.297874433325,0.251335576313
9845,0.419071971715,0.192651511638
9846,0.283913727352,0.260475187198
9847,0.0,1.0
9848,0.252462786973,0.283717895041
9849,0.281975303775,0.261797029839
9850,0.357612293095,0.218525597998
9851,0.407150435148,0.197180152218
9852,0.324778685817,0.235416708368
9853,0.489069472342,0.169759263882
9854,0.287676687722,0.257946900515
9855,0.415316115735,0.194055642637
9856,0.528539901671,0.159098888924
9857,0.139281214156,0.417918307347
9858,0.238370796916,0.295533778066
9859,0.310425561084,0.243649542041
9860,0.331735673185,0.231623204222
9861,0.475949900866,0.173626212713
9862,0.350637048701,0.221908074998
9863,0.177554127418,0.360290084425
9864,0.289855701318,0.256505162454
9865,0.503233839401,0.165773193525
9866,0.45699123034,0.179536040341
9867,0.430426019655,0.188527704703
9868,0.376377248138,0.209917665864
9869,0.424827707133,0.190538720881
9870,0.32461501568,0.235507451002
9871,0.320863258797,0.237606866149
9872,0.421096429061,0.191903061359
9873,0.30051526404,0.24967837428
9874,0.453233897112,0.180755374033
9875,0.346515702804,0.223956289492
9876,0.343847511482,0.225302603739
9877,0.387235258063,0.205239662658
9878,0.268285918435,0.27152816601
9879,0.294828242658,0.253274688069
9880,0.417821197326,0.193116852914
9881,0.272539049143,0.26842823653
9882,0.251521580964,0.284477555335
9883,0.449648514227,0.181934449765
9884,0.285588720697,0.259343685726
9885,0.173301410297,0.36589639216
9886,0.322034210441,0.236947615918
9887,0.483346166276,0.171424800198
9888,0.290247742068,0.256247478768
9889,0.314560982059,0.241219034901
9890,0.206760734011,0.325986962844
9891,0.229597190743,0.303400644206
9892,0.32678537939,0.234309807292
9893,0.406941347859,0.197261478911
9894,0.291401586286,0.255492066215
9895,0.35707037711,0.218784688328
9896,0.464175632321,0.177249768106
9897,0.205858099197,0.326949001065
9898,0.298396973272,0.251005923009
9899,0.268879157874,0.271091488541
9900,0.410096085483,0.196041496584
9901,0.332564065138,0.231179628775
9902,0.365013617418,0.215047465825
9903,0.279623862396,0.263418635933
9904,0.323767165706,0.235978641321
9905,0.183144436144,0.353176637909
9906,0.302429199161,0.248490915193
9907,0.442434425287,0.184354081043
9908,0.450186882214,0.181756423558
9909,0.0959788510058,0.510259140141
9910,0.157290373201,0.388665921526
9911,0.314095416426,0.241490236388
9912,0.420176427436,0.192242467604
9913,0.403595142117,0.198572209374
9914,0.353425517974,0.220543388133
9915,0.158772729779,0.386439483347
9916,0.413741666496,0.194650359357
9917,0.117828231994,0.459077315573
9918,0.359721265238,0.217523111419
9919,0.348328503908,0.223050729829
9920,0.4054525388,0.197842512053
9921,0.359441165029,0.217655725285
9922,0.280817202213,0.262593179664
9923,0.191438094616,0.343126042365
9924,0.35195178792,0.221262538777
9925,0.360794500941,0.217016478703
9926,0.256891870221,0.280196912129
9927,0.414401349589,0.194400734135
9928,0.367844353732,0.213746300885
9929,0.406746384005,0.197337372611
9930,0.408979645657,0.196471510901
9931,0.307734893333,0.245257400421
9932,0.429991000345,0.188682449202
9933,0.176658185923,0.361456862975
9934,0.400644508217,0.199742528598
9935,0.278614431693,0.264120941066
9936,0.395296540978,0.201899249695
9937,0.309013044031,0.244490980079
9938,0.512178641823,0.163351010911
9939,0.158966433947,0.386150430678
9940,0.437418147218,0.186074847896
9941,0.234511476768,0.298943405368
9942,0.292493787065,0.254781103028
9943,0.274103013118,0.267306053396
9944,0.186928040206,0.348519440374
9945,0.342827477585,0.225821578519
9946,0.223867112091,0.308768616098
9947,0.493137342321,0.168595016474
9948,0.260507988554,0.277386363617
9949,0.297828930023,0.251364323842
9950,0.358715657013,0.217999971161
9951,0.242949976185,0.291587715247
9952,0.535938495961,0.157247910977
9953,0.333342059521,0.230764583781
9954,0.32167013883,0.237152197396
9955,0.322948753056,0.236435263794
9956,0.26534236919,0.273715857872
9957,0.36756646854,0.213873335084
9958,0.447576438525,0.182622905159
9959,0.235810789336,0.297786739365
9960,0.365104636584,0.215005381874
9961,0.348052948201,0.223187907593
9962,0.0626783170528,0.614710072072
9963,0.584483262004,0.146095610442
9964,0.376568093314,0.209833602801
9965,0.189471197683,0.345457512873
9966,0.327492772574,0.233922083403
9967,0.38998284204,0.204088779076
9968,0.200878189251,0.332360415518
9969,0.472174186169,0.174771953047
9970,0.371019547604,0.212305413881
9971,0.701050078599,0.124836140301
9972,0.42480426623,0.190547231482
9973,0.592991335298,0.144301948533
9974,0.267172515255,0.272351540067
9975,0.314917815031,0.241011584408
9976,0.476568797818,0.173439839926
9977,0.286196707762,0.258935402581
9978,0.356744620329,0.21894072869
9979,0.197223440275,0.336447219329
9980,0.36722745236,0.214028519718
9981,0.475231814956,0.173842957569
9982,0.351331266288,0.221566745912
9983,0.432879776524,0.187659589284
9984,0.434226904377,0.187186379384
9985,0.302687325488,0.248331630202
9986,0.28315681326,0.260989747642
9987,0.365018504785,0.215045205666
9988,0.528343807848,0.159148540578
9989,0.338480842901,0.228060134483
9990,0.344364252645,0.225040604425
9991,0.309724277103,0.244066572543
9992,0.416545979327,0.193593608318
9993,0.339432141692,0.227566421553
9994,0.436804037316,0.186287719631
9995,0.425685474641,0.190227816487
9996,0.293612486956,0.254056980696
9997,0.20553619684,0.32729346321
9998,0.125,0.444444444444
9999,0.567103649076,0.149901743363
